10.012611, 0.005583
12.469643, 0.008290
10.016805, 0.005898
12.448679, 0.005862
10.029384, 0.004374
10.088083, -0.000900
12.276770, 0.002277
10.301921, -0.013880
10.138398, -0.008888
12.498993, -0.008263
10.104855, -0.003054
10.264185, -0.001996
10.121628, 0.004706
10.071312, 0.005928
10.046156, 0.004374
12.482222, 0.004844
12.515764, 0.007686
10.062927, 0.007215
10.083891, 0.004702
10.041962, 0.001322
12.410942, -0.003093
10.142591, -0.002788
12.557694, 0.000230
12.436101, -0.012402
10.205484, -0.002986
10.050348, -0.004257
12.012619, -0.010802
12.549308, -0.025194
10.008419, 0.003759
10.150977, 0.011956
10.121627, 0.012100
12.461256, 0.012603
12.448679, 0.010634
10.062926, 0.005589
12.335471, -0.000121
10.075505, -0.003297
10.167748, -0.005453
10.222257, -0.003474
12.444487, -0.000347
12.130019, -0.001066
12.599623, -0.010851
10.159363, -0.002480
10.004227, -0.006058
10.075505, 0.004293
10.310307, 0.005989
10.138398, 0.003708
10.239028, 0.002314
10.125820, 0.000098
10.029384, 0.001279
12.125827, 0.002584
12.603815, -0.017785
12.440293, -0.009465
10.079699, -0.000507
12.461257, 0.005089
12.507379, 0.003095
12.327085, 0.003346
10.008419, 0.003542
12.280963, 0.009469
12.498993, 0.007707
10.310307, 0.005500
12.415136, -0.002995
12.415135, -0.016847
10.008419, -0.001096
10.125819, -0.003999
10.222256, -0.000628
10.197100, 0.003295
10.083891, 0.005002
12.461258, 0.002016
12.507380, 0.001592
10.029384, -0.006413
10.096470, -0.004093
12.494801, -0.006294
10.243221, -0.005591
10.415129, -0.003174
10.092277, 0.007711
12.012619, 0.021050
11.672995, 0.021108
10.004226, -0.019126
10.264185, -0.014075
10.054541, -0.004468
10.037769, -0.001428
10.050348, -0.000194
12.440292, 0.000773
10.109049, 0.000245
10.171942, -0.002369
12.402557, 0.002301
10.083891, 0.003220
10.071312, 0.000719
10.083891, 0.004195
10.104856, 0.002780
12.251613, 0.003616
10.251606, -0.010964
12.230649, -0.006036
12.482223, -0.010953
10.197100, -0.002795
10.071312, -0.000662
11.974883, 0.005155
10.150976, -0.003414
12.427714, 0.011602
10.092277, 0.008235
10.167748, 0.012813
12.599623, 0.003733
12.389978, 0.006181
10.067120, 0.000785
12.159370, 0.002211
12.687673, -0.011596
10.264185, 0.003252
10.029384, -0.004757
12.448679, -0.008544
10.008419, -0.003203
12.440292, -0.000836
12.461257, 0.002501
10.004227, 0.003782
12.356436, 0.004619
10.142591, 0.002831
12.327085, 0.008007
12.322893, -0.020976
10.100662, -0.006939
10.134206, -0.009544
12.486414, -0.004502
10.142591, -0.000370
10.117435, 0.006245
10.041962, 0.008925
10.054541, 0.009512
12.444486, 0.010189
12.478029, 0.006986
10.159363, 0.001960
12.519958, -0.006883
10.020997, -0.003550
10.000033, -0.003542
12.297735, -0.004053
12.306121, -0.001652
12.356435, -0.000181
12.398365, 0.002267
12.394171, 0.005494
10.025190, 0.003695
10.029383, 0.001130
12.402557, 0.006315
10.255799, -0.006453
10.280956, -0.003076
10.205485, -0.000355
10.033577, -0.001647
10.037769, -0.001569
10.352236, -0.000662
12.444486, 0.005700
10.125820, 0.002599
10.062927, 0.003082
11.672995, -0.011694
10.205484, -0.013422
12.490608, 0.004327
12.406750, 0.003244
10.205484, 0.002241
11.974882, 0.004355
10.058734, -0.015027
10.188713, -0.012213
12.570272, 0.003288
10.058734, 0.004370
12.549308, 0.010625
10.012611, 0.007601
12.427714, -0.001547
12.436100, -0.000709
12.448680, -0.000860
12.419329, -0.003503
10.117435, -0.000464
12.419329, -0.002684
12.431907, -0.000198
12.331278, 0.003397
12.498994, 0.003210
10.176135, 0.001498
10.004226, -0.003936
10.008419, -0.006072
12.348049, -0.002861
12.389978, -0.001624
10.125820, -0.000377
10.058733, 0.002607
10.012611, 0.001888
12.369014, 0.001896
12.339664, 0.003561
12.360628, 0.002377
12.561886, 0.001737
10.092278, -0.002105
10.062927, -0.006419
12.352242, -0.004504
12.352242, -0.001277
12.398364, -0.000407
12.498993, 0.001720
12.423522, 0.001364
12.293542, 0.004429
12.415135, 0.003787
12.377399, 0.003276
12.532537, 0.002292
10.142591, -0.001441
10.138399, -0.004700
12.482222, 0.000126
10.016805, -0.001865
12.461257, -0.002041
12.469644, -0.000392
10.033576, -0.000321
12.327085, -0.000424
12.314507, 0.001620
12.327085, 0.000698
12.478028, 0.001217
12.398364, 0.000736
12.272577, -0.000351
12.364820, 0.001724
12.431907, 0.000909
12.431908, -0.000053
12.402557, -0.000443
12.427713, -0.001139
12.423522, 0.000253
10.192905, 0.002275
10.138399, -0.003265
10.041962, -0.002043
10.050347, -0.001556
12.410943, -0.001641
12.427714, -0.000651
12.381593, 0.000319
10.037769, 0.002211
10.004227, 0.003146
10.079699, 0.002082
12.369014, 0.000811
12.385785, 0.000151
12.385785, -0.001643
10.104856, -0.000015
10.025190, -0.000981
10.058734, -0.002075
12.377399, -0.001062
12.343857, -0.000217
12.473836, -0.001428
10.033577, -0.000032
12.427713, 0.000756
10.050347, 0.002139
12.465450, 0.001445
12.482223, 0.001056
10.054541, -0.001692
10.130013, -0.001134
10.025190, -0.003114
12.461257, -0.002486
12.419329, -0.001145
12.385786, 0.000249
10.016805, 0.001000
12.507379, 0.002522
12.394171, 0.001277
12.381594, 0.002526
12.444486, 0.001856
12.402557, 0.000707
12.448679, -0.000028
10.067119, -0.000289
12.364820, 0.000481
12.444486, 0.001077
10.146785, -0.001413
10.012612, -0.003174
10.096470, -0.002228
10.335464, -0.002177
12.482222, 0.003446
10.083891, 0.002060
10.075505, 0.001926
10.054541, -0.000707
10.171942, -0.000698
12.469643, -0.001398
12.398363, -0.001232
10.025190, 0.000009
12.482222, 0.000862
12.519958, 0.001064
10.142591, 0.001722
11.631066, 0.008891
10.201291, 0.032702
10.440287, 0.056476
12.406750, 0.058509
10.016805, 0.034655
10.209678, 0.032878
10.197099, 0.041445
10.377394, 0.050006
12.205492, 0.076677
12.364821, 0.051941
12.322893, 0.038261
11.916183, 0.028794
11.706537, -0.005768
10.117434, -0.021712
10.117434, -0.017587
10.079698, -0.020921
12.498993, -0.022606
10.004227, -0.017162
10.335464, -0.030809
12.343856, -0.065754
12.620587, -0.044759
10.171942, -0.031673
10.213870, -0.024094
10.276764, -0.022419
12.431908, -0.024456
10.234835, -0.024120
10.197099, -0.018024
10.130013, -0.014090
10.184521, -0.010615
10.163556, -0.008739
11.224356, -0.013118
11.538823, -0.096727
10.197099, -0.094918
10.494794, -0.093375
10.322886, -0.077156
10.859574, -0.097032
11.148885, -0.138398
10.553494, -0.127767
10.515759, -0.126511
11.639452, -0.147970
11.484316, -0.163646
11.215969, -0.168641
10.440287, -0.145094
10.641544, -0.123276
12.318699, -0.099311
11.408842, -0.051044
10.121627, -0.037691
10.138398, -0.040251
10.540915, -0.045596
10.348043, -0.045640
10.264185, -0.035971
10.402551, -0.030256
10.796681, -0.030279
10.511565, -0.023632
10.633160, -0.020476
10.700245, -0.017662
10.612195, -0.011206
12.775724, -0.023253
10.524144, -0.031278
10.004227, -0.028640
10.578651, -0.018164
10.608002, -0.000636
10.478023, 0.003461
10.578651, 0.002314
10.704438, -0.002507
10.566072, 0.002169
10.826032, 0.002254
10.813453, 0.002297
10.092277, -0.004182
10.415129, -0.016206
10.578651, -0.011996
10.549301, -0.009218
10.503180, -0.009719
10.587037, -0.008212
10.595423, -0.007486
10.654123, -0.006290
10.624773, 0.007343
10.486408, 0.004097
10.599616, 0.002058
10.536723, 0.000666
10.473829, 0.000834
10.306114, 0.000309
10.180327, -0.000413
10.318693, -0.000085
10.331271, -0.001479
10.343850, -0.004832
10.322886, -0.004893
10.285150, -0.005794
10.067120, -0.006147
10.150977, -0.003999
10.364815, -0.002169
10.352236, -0.007079
10.197100, -0.007503
10.205484, -0.006434
12.498994, -0.006072
10.079699, -0.003280
10.138398, -0.001794
10.117435, -0.001283
10.335464, -0.000232
10.364815, -0.002848
10.088084, -0.001498
10.104855, 0.002392
10.155169, 0.001901
10.251606, 0.002514
10.381586, 0.004163
12.008425, 0.003025
10.012611, -0.009278
10.176134, -0.004976
10.255799, -0.000502
10.134206, -0.001462
10.146784, -0.001752
10.268378, -0.001767
10.083891, -0.008207
10.234835, -0.007309
10.192905, 0.000189
10.234835, -0.000230
10.293535, -0.000221
10.100662, -0.002448
10.121627, -0.001713
10.004226, -0.003097
10.092278, -0.002418
10.130013, -0.001079
10.155170, -0.002741
10.285150, -0.003022
10.054541, -0.005464
10.067120, -0.005161
12.440294, -0.005798
10.104856, -0.004378
10.071312, -0.003684
10.088084, -0.002590
10.100662, -0.001790
10.004227, -0.001931
10.033576, 0.000094
10.322886, 0.001707
10.062926, 0.007354
10.197100, 0.009325
10.075505, 0.007303
12.478028, 0.005930
12.519958, -0.000732
12.318699, -0.029658
10.100662, -0.008073
10.088083, -0.001641
12.431907, -0.001571
10.276764, -0.000954
10.029384, 0.004563
10.029384, 0.002997
10.104856, 0.003525
10.037769, 0.004382
10.201292, 0.002109
10.083891, -0.002420
12.469644, -0.005072
10.176134, -0.004991
10.067120, -0.001515
10.176135, -0.002409
10.142591, -0.000994
11.937147, 0.002382
10.054541, -0.019918
10.134206, -0.033821
10.071312, -0.010919
12.293542, -0.014806
10.062926, -0.019120
12.012619, -0.020399
10.981169, -0.053807
10.016805, -0.062487
12.356436, -0.039517
12.146791, -0.019030
12.180333, -0.038685
10.029384, -0.041415
12.142598, -0.027559
10.197099, -0.013375
10.264185, 0.009227
10.423515, 0.017272
12.410943, 0.032697
11.761045, 0.018432
11.798781, 0.021355
11.278863, 0.030360
10.092277, 0.055031
12.431908, 0.062602
12.561886, 0.053211
12.603816, 0.051162
10.230642, 0.057421
10.436093, 0.053763
10.431900, 0.052111
10.293535, 0.052558
10.264185, 0.048041
11.060834, 0.032216
10.218063, -0.019592
10.465444, -0.010585
12.603815, -0.010389
10.058733, -0.008520
10.205484, -0.011513
10.268377, -0.017021
10.033576, -0.016291
12.016811, -0.026361
11.316599, -0.036635
10.322886, -0.042837
10.406743, -0.025331
10.448672, -0.016613
10.369007, -0.008209
10.142591, -0.005338
10.318692, -0.003667
10.385778, -0.000758
10.331271, -0.004770
10.524144, -0.005985
10.297729, -0.012620
10.314499, -0.009491
10.205484, -0.010934
10.306114, -0.012207
10.268377, -0.008984
10.310308, -0.007984
10.218063, -0.005245
10.343849, -0.003010
10.041962, 0.006541
10.394164, 0.007120
10.335464, 0.009921
12.335470, -0.000407
10.440287, -0.014035
10.167748, -0.008297
10.113241, -0.006411
10.163556, -0.005249
10.155170, -0.004448
10.184521, -0.004070
10.335464, -0.001762
10.335464, -0.002424
10.197099, -0.000089
10.318692, -0.003105
10.205484, -0.005689
10.348042, -0.001309
10.197099, -0.000074
10.197099, -0.000074
10.155170, -0.001854
12.431908, 0.002335
10.402550, -0.007733
10.146784, -0.012479
10.138398, -0.007958
10.176134, -0.005670
10.083891, -0.002331
10.092277, 0.000360
10.247414, 0.001858
10.008419, 0.005579
10.071312, -0.001788
10.121627, -0.003457
10.088084, -0.005193
10.054541, -0.001000
10.171942, 0.002929
10.167748, 0.005455
10.083891, 0.007220
10.192906, 0.005934
10.197099, 0.000581
10.356428, -0.003320
11.656223, 0.000796
12.276771, -0.018803
10.100662, -0.004112
10.020998, -0.003940
10.012611, -0.002058
10.079699, -0.001556
10.083891, 0.000443
12.230650, -0.004280
11.991654, 0.002692
10.130013, -0.010057
10.067120, -0.012541
10.020997, -0.006275
10.134206, -0.003544
10.142591, 0.002714
10.121628, 0.003318
10.037769, 0.003591
12.486414, 0.004159
12.406750, 0.004915
12.402557, 0.004397
12.071319, 0.000698
10.251606, -0.011042
12.561887, -0.019993
12.343857, 0.001256
10.318692, 0.000009
10.062926, -0.004065
12.188720, 0.005811
10.113241, 0.001188
10.318693, -0.014382
10.167748, -0.003099
10.012611, -0.002435
10.037769, -0.000330
10.226450, 0.006158
10.012612, 0.005051
10.096470, 0.003629
10.062926, -0.005479
10.113241, -0.010959
10.209678, -0.007907
12.524151, -0.003548
10.062926, -0.000645
10.197099, -0.001435
10.083891, 0.006228
10.088084, 0.006187
12.192913, 0.006179
10.259992, -0.012577
10.142591, -0.017143
10.369007, -0.011057
11.949726, -0.006592
11.538822, -0.000502
11.618486, 0.001805
10.054541, 0.014567
10.113241, 0.014286
10.083891, 0.009448
10.041963, -0.000136
12.448679, -0.000971
10.025190, -0.002535
10.222257, -0.002443
10.020998, 0.000662
10.201292, -0.006886
12.310314, -0.022402
10.234835, -0.004348
10.075505, -0.006209
10.000032, -0.001777
10.117434, -0.000956
12.431908, -0.000992
12.415135, 0.000549
12.457065, 0.002705
12.469643, 0.003616
12.549309, 0.002052
10.113241, -0.003250
10.004226, -0.008478
12.536729, -0.004989
10.100662, -0.002582
12.486414, -0.001573
10.029384, -0.001852
12.465450, -0.002986
10.083891, -0.002303
12.465450, 0.002675
10.150977, 0.003497
10.159363, -0.001190
10.234835, -0.007618
10.155170, -0.009308
10.226448, -0.004642
10.041962, -0.005585
10.142591, -0.005419
10.054541, -0.003250
10.000033, -0.002126
10.025190, -0.000877
12.431907, 0.000998
12.482222, 0.002899
12.419329, 0.002735
12.490607, 0.003510
10.096470, 0.002575
12.360628, -0.000988
10.113241, -0.000072
12.473836, 0.000964
10.025190, 0.000549
12.482222, -0.000192
10.004226, -0.002018
12.369014, -0.004306
10.067120, -0.001622
12.452871, -0.005453
10.184521, -0.003727
10.025190, -0.002180
10.037769, -0.004344
10.071312, -0.002320
12.318699, -0.000166
10.150977, -0.017004
10.071312, -0.015233
10.100663, -0.011408
10.176134, -0.003022
10.230642, 0.011440
10.197099, 0.013122
10.121627, 0.009968
10.075505, 0.009244
10.075505, 0.007571
10.000033, 0.000664
10.004227, -0.003806
11.798781, -0.008410
12.389977, -0.025805
10.004226, -0.012568
10.109049, -0.006792
10.037769, -0.000390
10.058734, 0.005174
10.104856, 0.002916
10.914083, -0.016783
12.046162, -0.068353
11.526243, -0.048971
11.232742, -0.056779
12.234842, -0.071884
10.071312, -0.047224
11.551401, -0.046511
11.157269, -0.000715
12.180334, 0.021761
10.251606, 0.007094
10.318693, 0.019075
10.335464, 0.026891
10.201292, 0.020339
10.339657, 0.025288
10.138399, 0.040770
10.188713, 0.042371
10.348042, 0.038993
10.415129, 0.046566
10.197100, 0.057091
10.272571, 0.048569
10.012611, 0.047162
12.427715, 0.063175
10.289343, 0.048288
11.236935, 0.043614
10.423515, -0.001401
10.209678, -0.034096
12.117441, -0.017219
10.176134, -0.021842
10.285150, -0.024854
10.356429, -0.019731
10.498987, -0.011706
10.587037, -0.008022
10.394164, -0.008322
10.339657, -0.013333
12.603815, -0.028247
10.318692, -0.008371
10.197100, -0.012603
10.306114, -0.025988
10.440287, -0.014271
10.239027, -0.012077
12.146791, -0.001088
10.092277, -0.014954
12.524151, -0.015550
11.689766, -0.021061
10.104856, 0.005819
10.239028, 0.002767
10.218063, 0.001264
10.239028, 0.007352
10.448672, 0.005896
10.373199, 0.008133
10.339657, -0.001486
10.234835, -0.002520
10.440287, -0.005583
10.364815, -0.007582
10.125820, -0.003744
10.431900, -0.006072
10.104856, -0.006762
10.159363, -0.004223
10.176135, -0.003042
10.109048, -0.004114
10.171942, -0.002637
10.113241, -0.002797
10.289343, 0.000885
12.553501, 0.000372
10.163556, -0.016206
10.293535, -0.010987
10.377394, -0.005204
10.239028, 0.001999
10.117434, -0.008897
10.318693, -0.007743
10.306114, 0.000338
10.150977, -0.000966
10.050347, 0.000551
10.058734, -0.002537
10.025190, -0.001292
10.033576, -0.000996
10.046155, 0.000673
12.574465, 0.002797
10.096470, 0.004197
10.289343, 0.007928
10.218063, 0.005345
10.104856, 0.000596
10.113241, -0.000675
10.138398, -0.001903
10.163555, -0.001379
10.054541, -0.003018
10.016805, -0.005440
10.079699, -0.004983
10.041963, -0.007533
10.398357, -0.004227
11.689766, 0.002009
10.121627, -0.020727
10.121627, -0.016883
10.188713, -0.003297
10.142592, 0.000521
10.205484, 0.000030
10.159363, 0.005653
10.088083, 0.007677
10.004226, 0.005147
12.431908, 0.007007
12.394171, 0.006313
10.184521, 0.002143
10.192905, -0.003048
10.000033, -0.006692
10.192906, -0.007347
12.478028, -0.009506
10.016805, -0.006283
10.037769, -0.004700
10.025190, -0.001782
12.427714, -0.000994
10.117435, 0.002375
12.457065, 0.008999
10.134205, 0.005053
10.117434, 0.002377
10.142591, -0.005317
11.773624, -0.006864
12.138405, 0.000875
10.142591, -0.018128
10.394165, -0.020625
10.142591, -0.007407
10.146784, 0.002126
10.121628, -0.000917
10.037769, -0.000985
12.452871, 0.000756
10.201292, 0.001083
10.046155, 0.007175
10.071313, 0.007000
12.331278, 0.007460
12.356436, 0.004912
10.071312, 0.001269
10.025190, -0.006290
10.058734, -0.006479
10.138399, -0.005076
10.100662, -0.003352
10.008419, -0.008761
10.079699, -0.001464
10.130013, -0.002790
10.150977, 0.002273
10.104856, 0.001628
10.079699, 0.001758
10.075505, -0.001096
10.096470, -0.000464
12.595429, -0.004804
10.268378, -0.005004
10.062926, -0.006400
10.146785, -0.004491
12.465449, -0.005840
11.828131, 0.013537
11.828131, -0.010515
10.016805, -0.013809
10.067120, -0.004168
10.092278, -0.005336
12.503186, -0.000981
10.226449, 0.004470
10.041963, 0.007790
10.146785, 0.006837
12.469644, -0.001596
10.197099, -0.015661
10.000033, -0.005047
10.037769, 0.000002
10.025190, 0.000447
10.096470, 0.000815
12.452872, 0.002878
12.406750, 0.001873
12.457065, 0.002927
12.515764, -0.000517
10.050348, -0.003025
10.138399, -0.002680
10.247414, -0.008620
10.067120, -0.004621
11.626873, 0.011792
12.314507, -0.011349
10.067120, -0.027202
10.146784, -0.013922
11.547209, -0.011683
12.503186, 0.027242
10.125820, 0.011919
10.167749, 0.011155
12.457064, 0.003603
10.394165, 0.012794
12.058741, -0.024111
10.159363, -0.019418
12.180333, -0.017655
12.373206, 0.004536
10.167748, -0.002163
11.932953, 0.001105
10.268377, -0.006545
10.201292, -0.001428
10.377393, 0.004666
12.494802, -0.002273
12.364820, -0.001149
12.440293, -0.000264
10.067120, 0.002290
10.037769, 0.003403
10.104856, 0.003974
10.071313, 0.003427
10.209678, 0.000085
10.155170, -0.003667
10.016805, -0.004316
10.025190, -0.011102
10.092276, -0.007897
10.167749, -0.005738
10.029384, -0.003333
10.016805, -0.003061
10.020998, -0.001179
12.473836, 0.001560
10.037769, 0.000979
10.104856, 0.002031
10.041963, 0.001954
10.041962, 0.001398
12.465450, 0.000443
10.000033, -0.001484
10.020998, -0.001818
10.008419, -0.001151
10.029384, -0.000670
12.553501, -0.003167
12.381592, -0.000549
12.498993, -0.010087
12.398364, -0.009193
10.050348, -0.004783
12.549308, -0.004629
12.490608, -0.003957
12.415136, -0.000030
10.004226, 0.001117
10.218063, 0.002418
10.088083, 0.000260
10.138399, -0.002339
12.427715, -0.001362
12.490607, -0.000255
12.448679, -0.000892
12.440293, 0.000570
12.431907, -0.000809
12.364821, -0.001645
10.167749, -0.000074
12.469644, -0.005491
10.067120, -0.003838
10.020998, -0.002869
10.197099, -0.001341
12.448679, -0.002712
12.482222, -0.000232
10.012612, -0.000064
12.498994, -0.000630
12.473837, -0.001324
12.448679, -0.001341
10.000033, 0.001241
12.494801, 0.003382
10.113241, -0.000675
10.255800, -0.002982
10.000033, -0.007530
10.104855, -0.005666
10.016806, -0.004663
10.088084, -0.002412
10.067120, -0.002456
12.440292, -0.002267
10.088083, -0.001041
12.343857, 0.000202
12.549309, 0.002033
10.121627, 0.002205
10.318693, 0.003252
10.012611, -0.003399
10.159363, -0.007771
12.515766, -0.002727
10.130013, -0.000492
10.033577, -0.000483
12.561887, -0.001822
10.146784, -0.002935
10.058734, -0.008348
10.280956, -0.010710
10.033576, -0.001803
10.075504, 0.017402
10.130013, 0.019950
10.226449, 0.022932
10.050348, 0.033336
10.067120, 0.028849
10.020998, 0.025984
12.415135, 0.026288
12.331278, 0.022291
12.473836, 0.018571
10.125820, 0.009914
10.054541, 0.006175
12.289349, 0.006400
12.406750, 0.006528
12.511572, 0.002578
10.041962, -0.001369
12.041969, -0.008701
12.255806, -0.039070
10.167748, -0.028996
10.046155, -0.022598
10.327078, -0.017915
10.109048, -0.013164
10.004227, -0.008371
10.163556, -0.011515
10.104855, -0.024848
10.079699, -0.025631
10.109048, -0.022098
10.130013, -0.020342
10.201292, -0.027417
12.540921, -0.039125
10.100662, -0.025780
10.155170, -0.027585
10.083891, -0.033512
12.494801, -0.039593
10.150977, -0.029379
10.088084, -0.032863
10.180326, -0.035145
10.071313, -0.035669
10.100662, -0.032965
10.025190, -0.031131
10.054541, -0.026031
12.473836, -0.027700
10.138398, -0.017183
10.113241, -0.010191
10.163556, 0.008388
10.130013, 0.011653
12.276771, 0.009736
12.473836, 0.018620
10.062926, 0.032544
10.176135, 0.024596
12.415135, 0.024773
12.364821, 0.021778
12.343857, 0.018571
10.125820, 0.013971
10.096470, 0.023070
10.134206, 0.020855
10.209677, 0.021734
10.092278, 0.026695
10.121627, 0.033065
10.020998, 0.033953
10.150977, 0.030831
10.050348, 0.025314
10.184521, 0.025620
12.524151, 0.036750
12.440293, 0.037508
12.394171, 0.030846
12.385786, 0.021987
10.004227, 0.013975
12.490607, 0.010136
11.425615, -0.001656
12.293541, -0.033163
10.188713, -0.015174
12.482221, -0.010421
10.000033, -0.003876
10.025190, -0.002537
11.538823, -0.007467
10.121627, -0.023856
10.058734, -0.023864
10.029384, -0.015572
10.088083, -0.012928
10.025190, -0.011032
10.159363, -0.010919
10.406743, -0.021589
10.146785, -0.029347
10.062926, -0.027602
12.549309, -0.033421
10.138398, -0.044127
10.016805, -0.037697
10.058734, -0.029085
10.008419, -0.024424
12.486415, -0.022123
12.419329, -0.017834
12.444487, -0.012073
10.008419, -0.005751
12.574466, -0.001037
10.264185, 0.006224
10.343850, 0.011630
10.255799, 0.015567
10.088084, 0.024667
12.461257, 0.028404
10.008419, 0.019358
10.096470, 0.017796
10.150978, 0.018185
10.037769, 0.015563
10.096470, 0.015208
10.092277, 0.020852
10.029384, 0.041720
12.096477, 0.044678
10.222257, 0.035307
10.234835, 0.035683
10.016805, 0.035036
10.016805, 0.018737
12.469644, -0.006994
12.360628, -0.009389
10.104856, -0.005530
10.012612, -0.002778
12.452871, -0.002622
12.511572, 0.002167
10.469637, -0.003584
12.633166, -0.035122
10.062926, -0.019880
10.062927, -0.022362
10.012612, -0.023019
12.457065, -0.025220
11.060833, -0.026154
12.150984, -0.053897
12.041969, -0.035862
10.377393, -0.036443
10.222256, -0.024130
10.280956, -0.021416
10.109048, -0.014680
12.394171, -0.041864
10.251606, -0.053173
10.155169, -0.037452
10.314499, -0.017766
10.306113, -0.000236
10.130013, 0.000289
10.088084, 0.000832
10.117434, 0.004246
10.016806, 0.004272
10.327079, 0.005066
10.280957, 0.009997
10.180327, 0.012943
10.054541, 0.011445
12.431908, 0.013865
10.142591, 0.012151
10.050348, 0.009591
10.205485, 0.011941
10.209678, 0.015919
10.067120, 0.024198
10.125820, 0.033340
10.100662, 0.030905
10.130013, 0.032404
10.184521, 0.029683
10.222256, 0.033883
10.155170, 0.041688
10.088084, 0.037950
10.109048, 0.033021
10.025190, 0.027331
12.490608, 0.028249
10.058734, 0.014646
11.903604, 0.012596
10.163556, -0.009985
10.138399, -0.014829
10.192906, -0.011262
10.046155, -0.006649
10.004226, -0.003029
10.000033, -0.002177
10.100662, -0.001154
11.559787, -0.007786
10.054541, -0.030777
10.130013, -0.042560
10.029384, -0.034745
10.125820, -0.026961
10.096470, -0.018781
10.088083, -0.017298
12.104862, -0.015059
10.373199, -0.018105
12.478029, -0.039962
10.071312, -0.029075
12.343857, -0.032365
11.060833, -0.028057
12.578658, -0.049612
10.314500, -0.052426
10.205484, -0.034428
10.222256, -0.024296
10.310307, -0.007482
12.322891, 0.008109
10.314501, 0.015942
10.159363, 0.010306
10.163556, 0.007007
10.176134, 0.005102
10.125820, 0.002929
10.113241, 0.006328
10.247414, 0.011083
10.046155, 0.017581
10.016805, 0.016089
10.096470, 0.014371
12.494801, 0.014929
12.268385, 0.014663
10.272572, 0.008859
10.079699, 0.002158
10.062927, 0.000234
12.406750, -0.001130
12.272577, -0.000526
12.264192, 0.000470
12.444486, -0.000343
12.448678, 0.000372
12.343857, -0.000130
12.239035, -0.001092
12.322892, -0.000781
12.415136, -0.000138
12.431908, 0.001217
10.100663, 0.000666
12.339664, -0.001198
12.218069, -0.000232
12.440293, -0.000443
12.469643, -0.000873
12.448679, -0.000734
12.373207, -0.000979
12.356435, 0.000343
12.507379, 0.000570
12.452871, 0.001343
10.113241, 0.000185
12.494801, -0.001526
12.364820, -0.004108
12.436100, -0.004438
10.075505, -0.004538
12.645744, -0.006283
12.431907, -0.002412
10.050348, -0.002616
12.490608, -0.002584
10.029384, -0.002371
10.142591, -0.000768
10.142591, -0.000883
10.226449, 0.001850
12.482222, -0.000158
10.096470, 0.001554
10.218063, -0.001313
10.142591, 0.002916
10.150977, 0.002878
10.230642, 0.002326
10.104856, -0.000345
10.016805, -0.001260
10.062926, 0.000581
10.289343, 0.003399
12.297734, -0.015923
12.712831, -0.004763
10.088083, 0.001532
12.402557, -0.001956
11.870060, -0.001764
12.683480, -0.007586
12.197105, -0.005413
12.209684, -0.006475
10.004226, -0.003527
12.448679, 0.004121
10.033576, 0.003638
10.251606, 0.002339
10.088084, -0.004229
10.088083, -0.012898
12.389978, -0.015919
10.251606, -0.012422
10.000032, -0.016180
11.111148, -0.017534
12.331278, -0.054614
10.113241, -0.025518
12.587044, -0.014633
11.836517, 0.003001
12.213878, -0.016581
12.184527, -0.002890
10.184520, -0.020527
10.243220, -0.019428
10.348043, -0.019916
10.037769, -0.013352
12.410942, -0.037376
10.259993, -0.030596
10.062926, -0.019054
10.155170, -0.020861
10.389972, -0.010617
10.113241, -0.014469
10.176134, -0.014674
12.280963, -0.030173
11.392071, -0.023877
12.561886, -0.025956
10.113241, -0.051198
12.633165, -0.038221
10.142591, -0.012383
12.637359, -0.004497
10.213871, -0.010248
11.966497, -0.021634
12.335471, -0.043561
12.272577, -0.019335
10.465444, -0.021642
10.410936, -0.015542
10.234835, -0.015578
10.230642, -0.015044
11.677189, -0.033993
12.276770, -0.042727
10.100662, -0.023247
12.427714, -0.023958
10.310308, -0.014746
10.259993, -0.013079
10.792488, -0.015738
10.247414, -0.040704
10.524144, -0.024447
10.331271, -0.020291
12.092283, -0.016600
10.310308, -0.017349
10.025190, -0.024218
10.041962, -0.027451
10.054542, -0.023387
10.079699, -0.017628
10.197099, -0.015893
10.062927, -0.013209
11.094378, -0.013488
12.155176, -0.048177
11.689767, -0.036279
10.310307, -0.043848
10.436093, -0.043712
10.213871, -0.036382
10.150977, -0.027800
10.230641, -0.022689
10.226449, -0.020107
10.373200, -0.018296
10.121627, -0.020276
12.025197, -0.054009
12.524151, -0.058615
10.306114, -0.040928
10.322886, -0.031733
10.239028, -0.028672
10.264185, -0.025033
10.155170, -0.027600
10.306114, -0.037593
10.234835, -0.035443
10.272571, -0.037627
10.226449, -0.045798
10.285150, -0.031346
12.000040, -0.036294
10.251606, -0.044393
10.222257, -0.047728
10.096470, -0.039691
10.142591, -0.034070
10.171942, -0.029194
10.213871, -0.026938
10.306114, -0.042418
10.218063, -0.059001
10.239028, -0.050476
10.251606, -0.047862
11.903603, -0.081762
10.117434, -0.081845
10.301922, -0.098094
10.025190, -0.097783
10.255799, -0.093660
10.121627, -0.093637
11.647838, -0.124797
11.136306, -0.142727
12.134212, -0.160624
10.142591, -0.138705
11.392071, -0.176193
12.192913, -0.176157
11.777817, -0.179301
10.046155, -0.134765
10.218063, -0.117267
11.563980, -0.128554
11.220163, -0.146991
12.083899, -0.128797
11.832324, -0.112644
11.354335, -0.113678
11.966497, -0.125149
10.679281, -0.097887
10.176134, -0.076746
12.561887, -0.055182
12.469644, -0.024931
10.092277, 0.007926
10.473829, 0.007980
10.549301, 0.019339
10.490601, 0.022591
10.465444, 0.033832
12.050355, 0.055672
11.002132, 0.058115
10.213871, 0.057281
10.503180, 0.067431
10.163555, 0.074432
10.448672, 0.074868
10.192905, 0.084253
10.494794, 0.091813
10.436093, 0.107687
10.574459, 0.111946
10.234835, 0.118246
10.234835, 0.124895
10.088084, 0.137240
10.427708, 0.151592
10.297728, 0.154013
12.566080, 0.196237
10.255799, 0.161007
12.331278, 0.174863
10.000033, 0.148625
10.167749, 0.161675
10.192905, 0.159917
10.046155, 0.148791
10.062926, 0.142078
11.505280, 0.151067
12.222262, 0.073761
11.132113, -0.010655
10.654123, -0.005362
12.159369, -0.010610
10.067120, 0.010813
12.486414, 0.001179
11.601716, -0.014514
10.461250, -0.041328
10.201291, -0.046485
11.245321, -0.078610
12.746373, -0.111267
10.767331, -0.102791
12.037776, -0.099516
11.106955, -0.103996
10.482215, -0.108334
10.570265, -0.110716
11.383686, -0.136476
10.138398, -0.186714
12.389978, -0.186474
10.239028, -0.156194
10.461250, -0.152067
10.247414, -0.137415
10.444480, -0.264590
11.832325, -0.198848
10.549301, -0.158172
12.532537, -0.161864
11.501086, -0.102042
10.398357, -0.062502
10.587037, -0.035528
12.021005, -0.025616
12.113248, -0.018041
10.385778, -0.018475
10.754753, -0.015644
10.754753, -0.001518
10.846996, 0.018907
10.930854, 0.037299
10.993748, 0.042186
10.788297, 0.048290
10.603809, 0.061636
10.846996, 0.073774
10.658316, 0.077927
10.205484, 0.088182
10.817646, 0.097409
10.557687, 0.100837
10.683474, 0.106582
10.524144, 0.117041
10.746367, 0.113074
10.549302, 0.111782
10.553493, 0.118895
12.675094, 0.165742
11.538822, 0.183943
10.280956, 0.163529
12.490608, 0.209786
10.616387, 0.170289
10.276764, 0.168558
10.628965, 0.161639
10.314500, 0.146989
11.782010, 0.168050
12.125827, 0.120070
11.689766, 0.023483
12.553500, 0.010591
10.142591, 0.000198
10.343850, -0.006739
10.297728, -0.012032
10.423515, -0.017468
10.037769, -0.022700
10.620581, -0.056255
10.230642, -0.067529
10.704438, -0.047920
10.826032, -0.036584
10.767332, -0.025637
10.700245, -0.016129
10.704437, -0.013880
10.578651, -0.010674
10.796681, -0.009976
10.717017, -0.009929
10.704438, -0.012175
10.805067, -0.008835
10.754753, -0.002635
11.253707, 0.007803
10.712824, 0.037582
10.842803, 0.060088
10.608002, 0.057447
10.649931, 0.060833
10.612195, 0.073140
10.679280, 0.071533
10.356428, 0.074777
10.213871, 0.094003
10.779910, 0.101248
10.444479, 0.108121
10.419321, 0.127643
10.616387, 0.123386
10.578651, 0.109749
12.532537, 0.100410
10.280956, 0.023175
10.595424, 0.025082
10.612194, 0.027829
10.578651, 0.025524
10.608002, 0.023358
10.561880, 0.038052
10.448672, 0.032582
10.469637, 0.029979
10.498987, 0.025865
10.461250, 0.025695
10.469637, 0.021133
10.473829, 0.020791
10.570266, 0.016370
10.427708, 0.011383
12.373207, -0.002456
10.519951, -0.003054
10.603809, 0.005857
10.406743, 0.004453
10.352236, 0.011445
10.130013, 0.002348
10.352236, 0.015646
10.465443, 0.012632
11.714923, 0.016421
10.155170, -0.008631
10.272572, -0.009348
10.457058, 0.003323
10.201292, 0.000596
10.167748, 0.001375
10.218063, 0.002169
10.125819, 0.003752
10.213870, 0.003010
10.188713, 0.002956
10.272571, 0.003167
10.268377, 0.003148
10.218063, 0.005932
10.373199, 0.003050
10.180327, -0.002082
10.197099, 0.000319
10.209677, 0.001181
10.058733, -0.000104
10.205484, 0.001054
10.096470, 0.000719
10.050348, -0.000270
10.155170, 0.000626
10.167748, 0.001169
10.209678, 0.001764
12.561887, 0.000587
10.016806, 0.001277
10.109048, 0.001664
10.088084, 0.001390
10.213870, 0.001762
10.125820, -0.000415
10.046155, 0.000347
10.125820, -0.000343
10.100662, -0.000830
10.163555, -0.002976
10.268378, -0.002075
10.130013, -0.001164
10.075505, -0.001113
10.088084, -0.000043
10.104856, 0.000988
10.155169, 0.000894
10.205484, 0.004970
10.163556, 0.004351
10.016805, 0.001375
10.142591, 0.002488
10.020998, 0.004048
10.062926, 0.003012
10.167749, 0.002020
10.209678, -0.002620
10.180326, -0.003546
12.486414, -0.004270
10.029384, -0.001879
10.096470, -0.002094
10.008419, -0.001447
10.155169, -0.000104
12.490607, -0.002288
12.348049, -0.001462
12.457065, 0.000634
12.452871, 0.000617
12.591237, 0.000905
10.205484, -0.002056
10.100663, -0.005674
12.327085, -0.019993
10.167748, -0.035168
10.142591, -0.027617
10.150977, -0.022615
10.146785, -0.018869
10.171941, -0.017724
10.033577, -0.030467
10.205484, -0.048254
10.184521, -0.044946
10.041963, -0.040313
10.192905, -0.035820
10.201292, -0.034402
12.092283, -0.042778
10.121628, -0.055510
10.046155, -0.059839
10.004226, -0.044536
10.163556, -0.040123
10.264185, -0.038404
11.656223, -0.065114
11.891025, -0.101878
10.041962, -0.078561
10.167748, -0.064948
10.134206, -0.042818
12.452871, -0.041409
10.318693, -0.026759
10.410935, -0.043076
11.396263, -0.081494
12.431908, -0.092028
10.083891, -0.053392
12.524151, -0.056134
10.083891, -0.037533
10.037769, -0.030958
10.020998, -0.026955
10.184521, -0.023153
10.239027, -0.020899
10.348042, -0.019563
10.310307, -0.021421
10.121628, -0.022666
10.146785, -0.019805
10.255799, -0.016866
10.159363, -0.015676
10.255799, -0.013173
10.184521, -0.012056
10.079698, -0.011093
10.096470, -0.010151
10.155170, -0.010700
10.205484, -0.010283
10.134205, -0.008688
10.155169, -0.006515
10.016805, -0.006319
10.088083, -0.005189
10.079699, -0.004053
10.130013, -0.003808
10.234835, -0.003061
10.159363, -0.003476
10.100662, -0.004400
12.486414, -0.004327
10.025191, -0.002890
10.092278, -0.002837
10.075505, -0.002646
10.188713, -0.002086
12.498993, -0.004787
12.389978, -0.002575
10.054541, -0.001247
10.029384, -0.001922
10.176135, -0.002852
10.218063, -0.002333
10.054541, -0.004204
10.109049, -0.001758
12.490608, -0.000694
10.134206, -0.000822
10.113241, -0.000717
10.041962, -0.001396
12.461257, -0.002507
12.469643, -0.000507
10.016806, -0.000362
10.083891, -0.000362
10.088083, 0.000021
10.134206, 0.000841
12.465450, 0.000317
12.482222, 0.002460
10.020998, 0.000658
10.033577, 0.000630
10.079699, 0.000366
10.159363, 0.000162
12.436100, -0.001592
12.478029, -0.000057
10.041963, -0.000060
10.054541, 0.001337
10.134206, 0.001464
10.138398, 0.001196
12.549308, -0.000362
12.457066, 0.001688
10.109049, 0.001113
10.067120, -0.001083
10.071312, -0.000515
10.025190, -0.001813
12.389978, -0.003054
12.478028, -0.002471
10.150977, -0.002103
10.067120, -0.003797
10.025190, -0.002248
12.465451, -0.002488
10.083891, -0.001164
12.436099, -0.001424
12.494801, -0.001492
10.067120, -0.000187
10.004227, 0.000166
10.071313, 0.000111
10.171942, 0.002801
12.528343, 0.006428
10.092278, 0.004295
10.079698, 0.004512
10.125820, 0.004053
10.138398, 0.002426
12.494801, 0.001230
12.415135, 0.001205
10.020998, -0.000128
10.155169, -0.000177
12.486414, -0.003427
12.423521, -0.003252
12.406750, -0.001628
10.142591, -0.000943
10.113241, -0.002541
10.163555, -0.002171
10.008419, -0.002377
12.440292, -0.001816
12.427714, 0.000145
10.000033, 0.000547
12.532536, 0.001828
12.498993, 0.001462
12.486414, 0.000164
12.448679, 0.002780
12.469643, 0.004919
12.503185, 0.003197
10.117434, 0.001716
10.109048, 0.002297
12.469643, 0.002348
10.029383, 0.000468
10.188713, -0.002299
10.083891, -0.005679
10.218063, -0.004014
10.159363, -0.005415
10.041962, -0.000990
10.171942, 0.000609
10.130013, -0.000341
10.150977, -0.000270
10.071312, -0.001415
10.184521, -0.000836
12.436099, -0.001447
12.469643, 0.000155
12.448679, -0.000773
12.507380, -0.000507
12.452871, -0.000355
12.494801, -0.001754
10.046155, -0.002109
10.020998, -0.004636
10.046155, -0.005191
10.104856, 0.000204
10.020998, 0.000736
10.020998, 0.001039
12.423521, 0.001969
12.348049, 0.003163
10.054541, 0.003259
12.444486, 0.003763
12.427715, 0.002431
12.301928, 0.001845
12.327085, 0.003080
12.415135, 0.004898
10.012612, 0.004246
10.037769, 0.004050
12.423521, 0.002412
12.465450, 0.001488
12.452871, -0.002929
12.494801, -0.004199
12.532537, -0.003314
10.134206, -0.001447
12.461258, -0.000434
12.373207, 0.001332
10.058734, 0.001356
12.515764, -0.000092
10.062927, -0.001847
10.163555, -0.002316
12.503186, -0.003863
12.356435, 0.000051
10.197099, 0.000358
10.222256, -0.003565
10.197099, -0.006468
12.486415, -0.006294
10.180327, -0.003099
10.041962, 0.000585
10.075505, 0.001311
10.033577, 0.001232
10.234835, 0.001933
10.071312, -0.001066
10.306114, -0.005534
10.096470, 0.001760
10.016805, 0.003203
10.058734, 0.002675
10.062926, 0.001954
10.088084, 0.001873
10.096470, 0.001909
12.498994, 0.008022
12.050354, 0.007496
11.949725, -0.012796
10.033576, -0.006903
12.415136, -0.000788
12.318699, 0.001488
12.272578, 0.001494
12.461257, 0.003088
10.020998, 0.003537
12.469644, 0.005645
12.192913, 0.003450
12.293541, 0.003427
10.159363, 0.002180
10.113241, -0.001813
10.268377, -0.002967
10.138398, 0.001311
12.473837, 0.000296
11.475929, -0.003408
11.056641, -0.021572
11.589137, -0.020518
12.431907, -0.021078
10.155170, 0.015444
10.025190, 0.022694
10.255799, 0.015029
10.180327, 0.007603
10.218063, 0.006228
10.272572, 0.002780
10.159363, 0.001579
10.016805, -0.001590
12.478028, -0.002452
10.427708, -0.002803
10.230641, -0.005938
10.205485, -0.008284
10.251606, -0.004683
10.155170, 0.000187
10.163555, 0.001856
11.274671, -0.001862
10.163555, -0.016168
10.213871, -0.012875
12.826039, 0.000483
11.442387, 0.024096
10.297728, -0.001439
10.167748, -0.003056
10.192905, 0.004067
10.138399, 0.004312
10.100662, 0.004700
12.469643, 0.005132
12.415136, 0.004270
10.062927, 0.002665
10.188713, 0.002905
10.335464, -0.000334
10.285150, -0.003963
10.046155, -0.000530
10.104856, -0.000100
12.201299, -0.000304
11.140498, -0.023956
11.387878, -0.023392
10.666702, -0.011696
10.142591, 0.016666
11.681381, 0.034166
12.498993, 0.029268
10.104856, 0.001728
10.234835, -0.001588
10.071312, 0.001839
10.268377, 0.002380
10.096470, -0.001017
10.146784, -0.001584
10.146784, -0.001256
10.096470, -0.001564
10.394165, -0.001892
10.104856, -0.005168
10.276764, -0.003712
10.104856, -0.002948
11.941339, -0.004114
12.486415, -0.016376
12.226456, -0.013899
10.012612, -0.013673
10.436093, 0.012007
10.251606, 0.014350
10.431901, 0.012581
10.226449, 0.008001
10.171942, 0.005598
10.280956, 0.005076
10.297728, 0.002356
11.178234, -0.003712
12.360628, -0.037597
10.335464, -0.035451
10.322886, -0.036554
10.431900, -0.063402
10.817646, -0.101819
10.490601, -0.092507
10.272571, -0.082678
11.962303, -0.086990
10.339657, -0.078725
10.394165, -0.095721
10.008419, -0.100667
11.333371, -0.137477
10.687667, -0.231439
12.184527, -0.239159
10.335464, -0.173903
11.195005, -0.210917
10.251606, -0.148970
10.419322, -0.111935
12.176141, -0.109732
10.201291, -0.100027
11.123727, -0.150292
11.589137, -0.146169
10.792488, -0.111222
10.301922, -0.092062
11.106956, -0.068245
10.867960, -0.036882
10.536722, -0.039195
12.096477, -0.140782
11.580750, -0.112633
11.798781, -0.092568
10.805067, -0.078587
11.257898, -0.057025
10.494795, -0.040243
10.285149, -0.110160
10.612195, -0.174348
11.949725, -0.150718
11.698153, -0.099714
12.482222, -0.079872
11.320792, -0.059731
11.144691, -0.035134
11.174041, -0.036124
10.997940, -0.078327
11.513664, -0.065720
12.021004, -0.051917
11.274671, -0.034934
10.905697, -0.058092
11.647837, -0.076807
10.553493, -0.046809
10.176134, 0.027312
11.207584, 0.000032
11.123727, -0.017545
11.379493, -0.013013
10.951818, -0.009936
10.968590, -0.009154
11.702345, -0.010800
11.765238, -0.012562
11.941339, -0.014786
12.088091, -0.006490
10.540915, 0.001092
11.081798, 0.021023
12.008425, 0.050265
11.987461, 0.073553
11.836517, 0.084557
12.012618, 0.091438
12.008425, 0.088682
11.555593, 0.089508
11.467544, 0.101829
11.354335, 0.116235
11.375299, 0.123480
11.492701, 0.117214
11.639452, 0.143358
11.408843, 0.148496
11.245320, 0.147416
11.434000, 0.122939
11.304021, 0.142076
11.006325, 0.143681
11.186621, 0.122211
11.035675, 0.116865
11.358528, 0.130636
11.387879, 0.114215
11.450772, 0.111901
11.454966, 0.090448
11.907797, 0.075058
10.109048, 0.033806
10.708631, 0.024341
10.897310, 0.022034
10.633159, 0.027612
10.067120, 0.037359
11.085991, 0.079031
11.132113, 0.058009
11.706538, -0.025980
11.203391, -0.012790
10.570266, 0.005042
10.754752, 0.028826
11.098570, 0.021825
10.960205, 0.011053
11.002133, 0.004951
11.316600, 0.004276
10.855382, 0.000928
11.144691, -0.002554
10.939240, -0.011521
10.855382, -0.053890
12.855390, -0.101267
10.972783, -0.092769
11.169849, -0.075243
10.649931, -0.062042
10.742174, -0.098422
12.142597, -0.185316
10.951818, -0.133892
11.496893, -0.123818
10.553494, -0.123327
12.004233, -0.163597
11.454965, -0.121707
10.549301, -0.115190
10.574458, -0.112914
12.067126, -0.141574
10.389972, -0.186995
11.656222, -0.220761
11.266285, -0.158631
11.195005, -0.137589
11.530437, -0.105201
11.144691, -0.076394
11.698152, -0.053162
10.230642, -0.038148
10.209678, -0.027595
11.014712, -0.029187
10.415129, -0.040136
11.350142, -0.073202
10.717016, -0.069862
11.534629, -0.087045
11.148885, 0.006532
10.976975, 0.015191
10.494794, -0.011953
11.073413, -0.008305
11.190812, -0.004772
11.266286, -0.001177
11.283056, -0.006211
11.392072, -0.007103
11.438193, -0.007411
11.765238, -0.004036
12.574466, 0.010955
11.392072, 0.046792
11.685574, 0.069087
11.761045, 0.081290
11.605908, 0.080230
11.526243, 0.078155
11.526243, 0.077691
10.020998, 0.078657
11.048254, 0.094539
11.136305, 0.112742
11.006326, 0.125860
11.278864, 0.136051
10.289343, 0.140725
11.119534, 0.147044
11.044063, 0.149881
10.708631, 0.146635
10.901504, 0.144592
10.708632, 0.143649
10.826033, 0.143168
10.712824, 0.141744
10.498986, 0.140361
10.951818, 0.137221
10.687667, 0.118397
10.540915, 0.085957
10.406743, 0.061465
10.025190, 0.039306
10.461250, 0.027036
10.587037, 0.022534
10.981169, 0.034411
11.505280, 0.082458
11.622680, 0.046641
11.056641, -0.038329
12.893126, 0.000209
10.813454, 0.027500
10.972782, 0.050655
10.750561, 0.020327
10.373199, 0.003882
11.044062, 0.005285
11.006326, 0.007030
10.939240, 0.008878
11.102762, 0.007779
11.048254, 0.003472
11.102762, -0.000521
11.102762, -0.011208
11.308214, -0.023253
11.211777, -0.025546
11.266285, -0.022787
11.329178, -0.019973
10.859575, -0.014490
10.859575, -0.012560
11.027290, -0.028345
10.855382, -0.048737
10.809260, -0.030281
11.165655, -0.028008
10.914083, -0.029883
10.863768, -0.025595
10.901504, -0.022434
11.039868, -0.020310
11.798780, -0.033278
11.144691, -0.053892
10.947626, -0.054831
10.939240, -0.046015
10.767331, -0.039102
10.754752, -0.033246
10.775718, -0.027372
10.779911, -0.023328
10.809261, -0.020657
11.576559, -0.033278
10.649931, -0.049738
10.784103, -0.047473
10.700245, -0.041892
10.670896, -0.035030
10.532530, -0.028906
11.916183, -0.037135
10.561880, -0.051670
10.679280, -0.052796
10.578651, -0.042756
10.612194, -0.041686
10.511565, -0.037744
10.700246, -0.030701
10.574458, -0.027729
11.283056, -0.052811
12.159369, -0.092783
10.566073, -0.087158
10.582844, -0.077556
10.494794, -0.076262
10.591230, -0.082790
10.146785, -0.087117
10.205484, -0.155132
10.725403, -0.175054
12.352242, -0.190343
10.545108, -0.147746
10.473829, -0.129246
10.373200, -0.115705
10.855383, -0.232955
11.895218, -0.184190
10.968591, -0.144071
10.540915, -0.124740
10.285150, -0.106589
11.786202, -0.111263
11.463350, -0.220239
12.717023, -0.162820
12.079704, -0.140212
12.234842, -0.076950
10.846996, -0.013992
10.436094, 0.008720
10.503180, 0.029854
11.823939, 0.070220
11.048254, 0.045438
10.025190, 0.024722
10.553494, 0.013705
10.612195, 0.017985
10.478023, 0.027661
11.299828, 0.045076
11.140497, 0.061055
10.603808, 0.079570
11.077605, 0.097072
12.130019, 0.123729
10.859575, 0.067027
10.901504, 0.046941
10.767331, 0.041326
10.926661, 0.037416
12.717023, 0.049359
10.922468, 0.071495
10.838610, 0.016770
10.289343, -0.027385
10.549301, -0.006775
11.199199, 0.004012
11.073412, 0.021846
10.821839, 0.016679
10.943433, 0.012122
10.809260, 0.012658
10.842803, 0.011764
10.918276, 0.011347
10.914082, 0.011159
10.918276, 0.011730
10.901505, 0.012032
10.968590, 0.015133
10.905696, 0.017541
10.981169, 0.017151
10.901505, 0.015052
10.830225, 0.013237
10.800875, 0.012698
10.930854, 0.018332
10.725402, 0.022855
10.846996, 0.021514
10.817646, 0.020335
10.721210, 0.019431
10.872153, 0.018181
10.649931, 0.020727
10.792488, 0.021978
10.721210, 0.022485
10.687668, 0.022755
10.679280, 0.021348
10.633159, 0.019797
10.691859, 0.018671
10.616387, 0.020529
10.561880, 0.020557
10.599616, 0.019201
10.557687, 0.021808
10.574458, 0.024833
10.578651, 0.025148
10.473829, 0.023141
10.448672, 0.021393
10.385779, 0.021399
10.444479, 0.020488
10.482215, 0.019365
10.452865, 0.017764
10.448672, 0.015955
10.427708, 0.018024
10.415130, 0.021012
10.377393, 0.021440
10.532530, 0.023355
10.494793, 0.023466
10.301921, 0.021642
10.385778, 0.018779
10.465444, 0.017449
10.280956, 0.026114
10.251606, 0.026408
10.360621, 0.024633
10.243220, 0.025182
10.394164, 0.025731
10.289342, 0.021578
10.138398, 0.017285
10.121628, 0.015110
10.113241, 0.014484
10.150977, 0.013339
10.356428, 0.014022
10.259993, 0.018605
10.385778, 0.019537
10.243220, 0.026297
10.029384, 0.028391
10.176134, 0.023015
10.113241, 0.022042
10.255799, 0.019973
10.239028, 0.017700
10.314500, 0.022628
10.285150, 0.034466
10.096470, 0.029777
10.050347, 0.024773
10.155170, 0.021163
10.381586, 0.018673
10.184520, 0.012449
10.427708, 0.012732
10.171942, 0.015542
10.138398, 0.014450
10.138398, 0.015374
12.276770, 0.020388
10.041962, 0.026461
10.171942, 0.039519
10.201292, 0.032276
10.176134, 0.021055
10.071313, 0.017419
12.410943, 0.018652
12.000040, 0.012830
10.125820, 0.002673
10.364815, 0.015819
10.188713, 0.017617
10.159363, 0.014539
10.083891, 0.013807
10.050347, 0.014556
10.247414, 0.012062
10.234835, 0.007413
10.075506, 0.008099
10.218063, 0.006949
10.251606, -0.004646
10.213871, -0.000937
12.452871, -0.000607
10.138398, 0.003148
10.234835, 0.004563
10.239027, 0.001816
12.540922, -0.005753
10.159363, -0.003478
10.050347, 0.002814
10.218063, 0.002037
10.176135, 0.006262
10.134206, 0.009133
10.058733, 0.005764
10.109048, 0.003944
10.008419, -0.002735
12.213878, 0.002946
10.222256, -0.012898
10.285149, -0.009576
10.192905, -0.002294
12.490608, 0.005608
10.096470, 0.004425
12.490607, 0.005230
10.088083, 0.004012
10.004227, 0.004129
12.297735, 0.003101
12.285156, 0.002094
12.406750, 0.001147
12.532537, -0.000336
10.041963, -0.001407
12.457064, -0.005953
10.113241, -0.002678
12.473836, 0.002861
12.482222, 0.003310
10.062927, 0.003165
12.419329, 0.004623
10.113241, -0.007292
12.561887, -0.010008
10.000033, 0.009587
10.285150, 0.010229
10.075505, 0.002912
12.436099, 0.000021
10.247414, -0.000530
10.104855, -0.005144
10.159363, -0.004448
10.113241, 0.000868
10.226449, 0.009825
10.197099, 0.005238
10.062927, -0.007630
10.037769, -0.002503
10.054541, -0.002116
12.452871, -0.002022
10.000032, -0.001194
10.071312, -0.000211
12.364821, 0.000447
10.079699, 0.000115
12.427713, -0.002705
12.469644, 0.000192
10.037769, 0.000977
12.356436, -0.001020
12.222263, -0.003246
12.540922, -0.025946
10.075506, -0.042563
11.882639, -0.037212
10.079698, -0.032074
10.159363, -0.027448
10.130013, -0.027653
10.352236, -0.035073
11.643644, -0.066846
11.442386, -0.061700
10.046155, -0.063551
10.415129, -0.069443
10.058734, -0.059335
11.337564, -0.070409
10.385778, -0.076060
10.436093, -0.087611
10.251606, -0.074779
10.058733, -0.062768
10.138398, -0.061553
12.234840, -0.074370
12.700251, -0.093358
10.192905, -0.084174
10.373200, -0.086643
10.276764, -0.085417
10.314500, -0.082863
10.138399, -0.085417
10.050347, -0.083493
12.247419, -0.109449
10.083891, -0.097621
10.184521, -0.095084
12.478029, -0.107142
10.377393, -0.080038
12.096476, -0.092392
12.406750, -0.106676
10.536722, -0.097747
12.557694, -0.108600
12.545116, -0.101438
10.008419, -0.074130
10.402551, -0.063809
10.062926, -0.049991
10.138398, -0.041739
10.083891, -0.035762
10.264185, -0.029824
10.276764, -0.028321
10.197099, -0.024933
10.130013, -0.020476
10.415129, -0.018660
10.339657, -0.022591
10.062927, -0.024488
10.150977, -0.017434
10.167748, -0.014944
10.255799, -0.022202
10.255799, -0.020823
10.180328, -0.012002
10.205484, -0.008531
10.146784, -0.006253
10.079699, -0.005189
10.180327, -0.004455
10.155170, -0.001654
10.171942, -0.003799
10.293535, -0.004157
10.226450, -0.008346
10.171942, -0.007450
10.096470, -0.011926
10.268378, -0.006253
10.109048, -0.000919
10.125820, -0.008808
10.121627, -0.006332
10.096470, -0.004806
10.192906, -0.003222
10.121627, -0.007714
10.092277, -0.003176
10.004226, -0.000698
10.301921, -0.000470
10.142591, -0.002403
10.037769, 0.000581
12.452871, 0.001847
12.369014, 0.003467
10.083891, 0.002290
10.054541, 0.004687
11.861675, -0.005106
10.050348, -0.025773
12.150984, -0.019009
12.146791, 0.007166
12.482222, 0.008333
10.067120, 0.003148
12.524151, 0.007571
12.310312, 0.006313
10.020998, 0.004827
10.167748, 0.005638
10.088084, 0.000538
10.075505, 0.000628
10.062926, 0.000566
10.188713, 0.000019
10.100662, 0.001437
10.280956, 0.004042
10.083891, -0.008380
10.146785, -0.007077
12.498993, -0.008624
12.511572, -0.007626
10.159364, -0.000292
10.046155, 0.006675
10.146784, 0.006081
10.159363, 0.007132
10.167749, 0.010738
10.331271, 0.007137
10.155169, -0.019314
12.457065, -0.016432
10.012612, -0.009195
10.067120, -0.005328
10.041963, -0.002443
10.113241, 0.007305
10.008419, 0.012392
10.121627, 0.010783
10.004227, 0.005670
10.218063, 0.006579
12.473837, 0.007705
10.159363, -0.011834
10.033577, -0.017047
12.465450, -0.013169
10.100663, -0.008020
10.239028, 0.001681
10.150977, 0.007388
10.025190, 0.006253
12.465450, 0.008354
12.440292, 0.007101
12.490607, 0.005870
10.033576, 0.004985
12.377399, 0.004921
12.197105, 0.002963
12.427713, 0.001024
12.473836, -0.001552
10.100662, -0.004978
10.041963, -0.006304
10.012611, -0.007733
12.289349, -0.006622
10.150977, -0.004644
12.507380, -0.006081
10.180326, -0.002852
10.071312, -0.002812
12.423522, -0.004208
12.452871, 0.000296
10.046155, 0.003380
10.125820, 0.004142
10.079699, 0.009480
10.050348, 0.008648
12.364820, 0.008980
12.457065, 0.008275
10.037769, 0.004768
12.465451, 0.001962
10.125820, -0.000579
12.473836, -0.003463
12.230649, -0.003861
10.008419, -0.002865
12.402557, -0.004840
10.000033, -0.004165
10.020998, -0.001762
12.452871, -0.001456
12.285156, -0.001043
12.486415, -0.000485
12.457065, -0.000019
10.134205, 0.001073
10.046155, 0.004010
12.335470, 0.003448
12.356435, 0.002375
10.079698, 0.000328
12.591236, -0.002595
10.033576, -0.003750
10.062925, -0.004719
12.272577, -0.002880
12.440293, -0.001186
10.096470, 0.000583
10.033576, 0.002890
10.062926, 0.001977
12.427714, 0.000202
12.226456, 0.000300
12.381592, 0.000645
12.494801, 0.000824
10.008419, 0.000790
12.423521, -0.000272
12.280964, -0.001198
12.507380, -0.000385
12.482222, 0.001984
10.197100, 0.001794
10.117434, 0.001098
10.029384, -0.003127
12.431907, -0.002969
12.469643, -0.000979
10.079699, -0.001856
10.104856, -0.001249
12.473837, -0.002648
12.306121, -0.001594
12.415136, 0.000468
10.079699, 0.002827
10.058733, -0.000487
10.218063, 0.000875
12.545115, -0.000800
12.402557, 0.000211
10.029384, 0.000421
10.612194, -0.006032
12.054547, -0.044674
10.352236, -0.037889
10.125820, -0.030792
10.243220, -0.031503
10.008419, -0.029930
10.524143, -0.049667
10.117434, -0.068736
10.314500, -0.064156
10.150977, -0.045061
12.515766, -0.044261
10.121628, -0.027778
10.230642, -0.020486
12.327085, -0.013533
10.310307, 0.016642
10.218063, 0.017257
12.247419, 0.021880
10.155170, 0.021895
12.301927, 0.028872
10.150977, 0.037075
10.327078, 0.042586
10.243221, 0.044480
10.079699, 0.037789
10.167748, 0.034419
12.582851, 0.034223
10.159363, 0.022804
10.188713, 0.017243
10.280956, 0.006879
10.100662, 0.009433
12.461258, 0.010836
10.000033, 0.008703
10.184521, 0.007826
10.058733, 0.005372
12.465450, 0.006464
10.020998, 0.005193
12.473837, 0.006490
10.016804, 0.004957
10.079698, 0.006722
10.046155, 0.005887
12.436100, 0.005813
10.067120, 0.003731
12.473835, 0.001660
10.033576, 0.002790
10.096470, 0.004291
12.486415, 0.003721
12.381592, 0.002441
10.050348, 0.002848
12.465450, 0.004140
12.545115, 0.002211
10.041963, 0.001764
12.465450, 0.001245
12.356436, 0.001948
12.385786, 0.004961
10.046155, 0.003472
12.494801, 0.004540
10.004227, 0.002148
12.415134, 0.001777
12.402557, 0.000579
10.180327, -0.001513
10.067120, 0.001473
10.213870, 0.002969
10.134206, 0.000577
12.570272, -0.002182
10.188713, -0.003918
10.130013, -0.005540
10.033576, -0.002999
10.176134, -0.001664
10.079699, -0.000994
12.482222, -0.001747
12.478028, 0.000775
10.163556, 0.000521
12.486416, -0.000349
10.033576, 0.000839
10.016806, 0.000247