0.002863
-0.003237
-0.006729
-0.015976
0.000404
-0.002308
0.002252
0.006013
-0.000633
0.009817
-0.003970
0.007924
-0.004113
0.006193
-0.003322
0.003424
-0.002031
0.002004
-0.000892
0.000685
-0.000566
-0.003287
-0.000751
-0.016271
0.001487
-0.040506
0.012766
-0.072120
0.031907
-0.019209
-0.021888
-0.027034
-0.030120
-0.027886
-0.030309
-0.037174
-0.039306
-0.042588
-0.043225
-0.045740
-0.046386
-0.052749
-0.047907
-0.050377
-0.045551
-0.050078
-0.049496
-0.050369
-0.049722
-0.043498
-0.046733
-0.041336
-0.039349
-0.041076
-0.036092
-0.034158
-0.032466
-0.032610
-0.030253
-0.026803
-0.028371
-0.026139
-0.020563
-0.019018
-0.019548
-0.016615
-0.015308
-0.012661
-0.011281
-0.010018
-0.009465
-0.007551
-0.008125
-0.006217
-0.005948
-0.005129
-0.004848
-0.004247
-0.003301
-0.003476
-0.002940
-0.002712
-0.002642
-0.001988
-0.001758
-0.001427
-0.001405
-0.001240
-0.000962
-0.000924
-0.000862
-0.000816
-0.000737
-0.000600
-0.000529
-0.000547
-0.000472
-0.000430
-0.000470
-0.000415
-0.000262
-0.000259
-0.000253
-0.000277
-0.000318
-0.000262
-0.000114
-0.000051
-0.000068
-0.000067
-0.000108
-0.000221
-0.000302
-0.000339
-0.000377
-0.000337
-0.000298
-0.000242
-0.000229
-0.000264
-0.000258
-0.000120
-0.000059
-0.000142
-0.000203
-0.000077
0.000134
0.000277
0.000231
0.000072
0.000040
0.000195
0.000215
0.000073
0.000003
-0.000032
-0.000051
-0.000054
0.000019
0.000123
0.000200
0.000177
0.000019
-0.000128
-0.000175
-0.000175
-0.000136
0.000044
0.000143
0.000048
-0.000086
-0.000090
0.000000
0.000023
-0.000053
-0.000246
-0.000335
-0.000322
-0.000254
-0.000251
-0.000400
-0.000417
-0.000229
-0.000132
-0.000064
-0.000073
-0.000117
-0.000217
-0.000293
-0.000268
-0.000088
0.000077
0.000144
0.000042
-0.000092
-0.000206
-0.000172
-0.000089
0.000035
0.000072
0.000062
0.000053
0.000118
0.000144
0.000125
0.000090
0.000051
0.000030
0.000085
0.000510
0.001054
0.002145
0.002754
0.003711
0.004841
0.005720
0.006751
0.007641
0.008227
0.008462
0.010431
0.008395
0.008307
0.008120
0.008341
0.006875
0.006071
0.005294
0.004815
0.004423
0.003979
0.004517
0.004050
0.003991
0.003673
0.001736
0.001499
0.001284
0.001714
-0.000121
-0.000477
-0.002294
-0.003480
-0.004693
-0.005635
-0.006566
-0.007443
-0.007156
-0.008132
-0.008946
-0.008257
-0.007429
-0.007105
-0.006673
-0.006264
-0.005688
-0.004960
-0.004369
-0.003995
-0.004388
-0.003493
-0.003794
-0.003156
-0.002696
-0.002653
-0.002267
-0.001975
-0.001653
-0.001471
-0.001303
-0.001180
-0.000907
-0.000722
-0.000693
-0.000745
-0.000727
-0.000569
-0.000527
-0.000348
-0.000450
-0.000506
-0.000487
-0.000294
-0.000149
-0.000110
-0.000112
-0.000122
-0.000121
-0.000096
-0.000032
0.000074
0.000147
0.000130
0.000044
-0.000041
-0.000105
-0.000097
-0.000000
0.000066
-0.000020
-0.000193
-0.000353
-0.000297
-0.000111
0.000048
0.000131
0.000125
0.000121
0.000104
0.000100
0.000047
-0.000002
-0.000070
-0.000138
-0.000179
-0.000133
-0.000051
0.000045
0.000092
-0.000017
-0.000102
-0.000108
-0.000088
-0.000081
-0.000063
-0.000112
-0.000153
-0.000159
-0.000111
-0.000016
0.000027
-0.000013
-0.000154
-0.000257
-0.000324
-0.000307
-0.000262
-0.000211
-0.000422
-0.000510
-0.000527
-0.000470
-0.000236
-0.000070
-0.000093
-0.000323
-0.000638
-0.000903
-0.001230
-0.001215
-0.001369
-0.001543
-0.001936
-0.002086
-0.002434
-0.002574
-0.002892
-0.003293
-0.003770
-0.004353
-0.004686
-0.005402
-0.005850
-0.006419
-0.008172
-0.007337
-0.007978
-0.008933
-0.009019
-0.009786
-0.011447
-0.014086
-0.013406
-0.013437
-0.015820
-0.014284
-0.014575
-0.018845
-0.015689
-0.018495
-0.016681
-0.019428
-0.017852
-0.018121
-0.020532
-0.018627
-0.018881
-0.020868
-0.018734
-0.021029
-0.019035
-0.018997
-0.021430
-0.021650
-0.021709
-0.019950
-0.021714
-0.019478
-0.021380
-0.021339
-0.022846
-0.018585
-0.021152
-0.021465
-0.021220
-0.019118
-0.021573
-0.021493
-0.021820
-0.019889
-0.023882
-0.022293
-0.021646
-0.023706
-0.021610
-0.021502
-0.023887
-0.021593
-0.023958
-0.019439
-0.019348
-0.021863
-0.019711
-0.024249
-0.022082
-0.022152
-0.022261
-0.022706
-0.022631
-0.025549
-0.020827
-0.025763
-0.023943
-0.023511
-0.023552
-0.021051
-0.025467
-0.020675
-0.023326
-0.022596
-0.025851
-0.023799
-0.026391
-0.024398
-0.027860
-0.025104
-0.027801
-0.026107
-0.026145
-0.026980
-0.024021
-0.026667
-0.026533
-0.029457
-0.024051
-0.029549
-0.024524
-0.026834
-0.030149
-0.024191
-0.026956
-0.030016
-0.024684
-0.029810
-0.024391
-0.027260
-0.024608
-0.028101
-0.025240
-0.031095
-0.025333
-0.030214
-0.025039
-0.028529
-0.028386
-0.030922
-0.025181
-0.030010
-0.027888
-0.027884
-0.028214
-0.028799
-0.029164
-0.026502
-0.029571
-0.026497
-0.032800
-0.029931
-0.030035
-0.030673
-0.030764
-0.028414
-0.030963
-0.027993
-0.028313
-0.032039
-0.032738
-0.029465
-0.036518
-0.030037
-0.033597
-0.034196
-0.030808
-0.033430
-0.033400
-0.030451
-0.037826
-0.034982
-0.034697
-0.031572
-0.038891
-0.031788
-0.035667
-0.036171
-0.032199
-0.039647
-0.032191
-0.039152
-0.035787
-0.035459
-0.032393
-0.035809
-0.032373
-0.035871
-0.036829
-0.036254
-0.036899
-0.037109
-0.037986
-0.035179
-0.043775
-0.040828
-0.036623
-0.037339
-0.042543
-0.043313
-0.048703
-0.045419
-0.045595
-0.045951
-0.047883
-0.047744
-0.054560
-0.051075
-0.056902
-0.047409
-0.058875
-0.048828
-0.053551
-0.052032
-0.051910
-0.045107
-0.047597
-0.044854
-0.036571
-0.040058
-0.029282
-0.030136
-0.020597
-0.020509
-0.015553
-0.006932
0.000633
0.004041
0.013766
0.011708
0.016577
0.028939
0.029549
0.041732
0.040567
0.049777
0.064028
0.074350
0.077115
0.091241
0.092219
0.097600
0.109131
0.090896
0.090426
0.098513
0.107535
0.091905
0.095988
0.083807
0.077869
0.081650
0.068276
0.063164
0.059147
0.061404
0.057658
0.054957
0.044834
0.041047
0.043265
0.034214
0.034282
0.026030
0.023111
0.020489
0.017630
0.016204
0.013905
0.013972
0.013401
0.012498
0.009348
0.008768
0.009082
0.007974
0.006912
0.006004
0.005302
0.004334
0.003808
0.003440
0.003141
0.002748
0.002423
0.002137
0.001838
0.001542
0.001225
0.000994
0.000858
0.000752
0.000568
0.000379
0.000224
0.000237
0.000319
0.000319
0.000414
0.000400
0.000295
0.000150
0.000122
0.000143
0.000073
-0.000005
-0.000015
0.000101
0.000127
0.000048
0.000019
0.000007
-0.000115
-0.000177
-0.000243
-0.000155
-0.000020
0.000197
0.000246
0.000125
0.000007
-0.000069
-0.000067
0.000017
0.000108
0.000114
-0.000047
-0.000177
-0.000181
-0.000159
-0.000101
-0.000117
-0.000197
-0.000207
-0.000138
0.000031
0.000137
0.000141
0.000109
0.000026
0.000015
0.000156
0.000240
0.000351
0.000238
0.000021
-0.000298
-0.000363
-0.000109
0.000317
0.000946
0.001688
0.002407
0.002956
0.003754
0.004706
0.006022
0.007309
0.008628
0.010129
0.012829
0.013175
0.015499
0.016910
0.018694
0.019342
0.020553
0.022422
0.024316
0.025362
0.029281
0.029021
0.032746
0.032700
0.034586
0.035915
0.037851
0.044233
0.046225
0.042576
0.043286
0.049876
0.049842
0.050740
0.049482
0.050438
0.049233
0.048984
0.047422
0.046308
0.043910
0.042689
0.040124
0.038615
0.037573
0.033220
0.032499
0.032063
0.030024
0.028050
0.026433
0.024622
0.023577
0.022178
0.021474
0.019569
0.020338
0.018178
0.013963
0.012237
0.012567
0.010916
0.009717
0.008674
0.008428
0.007878
0.007985
0.007926
0.007484
0.008691
0.009665
0.011082
0.012700
0.014328
0.014848
0.016060
0.017959
0.019563
0.021462
0.027515
0.025107
0.032146
0.034859
0.039750
0.037090
0.045997
0.042664
0.046375
0.056206
0.052581
0.055645
0.058798
0.063054
0.072198
0.062831
0.062934
0.065901
0.075116
0.075648
0.077163
0.079980
0.079797
0.072985
0.073631
0.073094
0.076785
0.077116
0.086161
0.086547
0.085745
0.095344
0.093996
0.086400
0.087223
0.087493
0.087188
0.078954
0.098002
0.089203
0.087739
0.087288
0.087771
0.095099
0.085980
0.081436
0.080320
0.085781
0.083033
0.076651
0.078194
0.075563
0.062190
0.058122
0.057174
0.055801
0.048730
0.052596
0.042762
0.047187
0.044426
0.040237
0.032747
0.037147
0.029158
0.030749
0.024139
0.025265
0.022377
0.019162
0.015837
0.014073
0.012969
0.011814
0.009835
0.009096
0.008225
0.007657
0.006427
0.005039
0.002846
0.002308
0.003246
0.003672
0.003358
0.002756
0.002578
0.002740
0.002850
0.003348
0.003996
0.004802
0.006030
0.007011
0.007969
0.009325
0.011355
0.013528
0.014872
0.015986
0.017418
0.020050
0.022275
0.023203
0.025184
0.026971
0.029740
0.032056
0.039995
0.042960
0.045166
0.045945
0.049157
0.058818
0.056031
0.053155
0.068530
0.067232
0.068686
0.062627
0.064902
0.067654
0.069233
0.069831
0.069933
0.080574
0.074131
0.074308
0.073924
0.083241
0.077399
0.077432
0.085442
0.085700
0.085785
0.086688
0.086406
0.094958
0.096953
0.097074
0.080305
0.081384
0.099240
0.090969
0.089244
0.095844
0.094842
0.093498
0.083564
0.081073
0.079346
0.075185
0.072247
0.070997
0.074270
0.063709
0.059997
0.056459
0.062587
0.049178
0.048953
0.048575
0.045414
0.044269
0.038946
0.036567
0.034075
0.032456
0.029731
0.023059
0.022314
0.022427
0.020145
0.018184
0.016200
0.014482
0.013712
0.013419
0.013051
0.013329
0.013394
0.013353
0.013080
0.011203
0.011030
0.013519
0.015381
0.016119
0.015313
0.017050
0.016646
0.017502
0.019789
0.018856
0.019575
0.020031
0.020921
0.022457
0.023891
0.027394
0.025766
0.025956
0.026774
0.028179
0.028821
0.029572
0.030356
0.030101
0.030548
0.035115
0.035225
0.031655
0.035610
0.034736
0.034701
0.034647
0.034028
0.033298
0.032418
0.032107
0.031678
0.030898
0.029731
0.028784
0.027335
0.025992
0.025162
0.023651
0.022242
0.020622
0.019529
0.018424
0.017641
0.015509
0.014211
0.014099
0.012742
0.010859
0.011726
0.011565
0.008916
0.010458
0.009047
0.009292
0.009311
0.008349
0.008491
0.008479
0.008716
0.008924
0.009143
0.011062
0.010039
0.010589
0.011279
0.012018
0.012540
0.013558
0.014426
0.015227
0.015627
0.018590
0.017801
0.016169
0.018149
0.019076
0.018242
0.018623
0.023197
0.019040
0.023908
0.019641
0.021965
0.021951
0.019625
0.020175
0.019946
0.020560
0.020698
0.020844
0.025944
0.023670
0.024055
0.021667
0.021902
0.024074
0.021482
0.021611
0.021477
0.021521
0.024423
0.024395
0.022027
0.021762
0.022049
0.022202
0.022172
0.024443
0.022140
0.025028
0.025167
0.022776
0.022697
0.022918
0.023158
0.025265
0.023042
0.025690
0.025881
0.028367
0.027896
0.028072
0.025392
0.025288
0.027683
0.024188
0.024045
0.023630
0.023884
0.023889
0.023672
0.023517
0.023425
0.021122
0.021364
0.021338
0.021162
0.023374
0.021618
0.024195
0.021665
0.021645
0.021604
0.023970
0.026031
0.021486
0.023489
0.023265
0.025671
0.022819
0.022993
0.023584
0.023577
0.024088
0.024012
0.024309
0.027319
0.027869
0.028347
0.028178
0.028184
0.028162
0.025691
0.025785
0.025562
0.025130
0.027472
0.024736
0.024495
0.024233
0.021826
0.024215
0.026598
0.026443
0.021654
0.023927
0.021341
0.025581
0.022161
0.021619
0.021257
0.020394
0.019563
0.018037
0.015616
0.017789
0.015407
0.014447
0.013084
0.011959
0.010954
0.010190
0.009326
0.008908
0.008161
0.007449
0.006562
0.006016
0.005587
0.004477
0.005019
0.004585
0.003957
0.003592
0.003739
0.003027
0.003961
0.003362
0.003476
0.003607
0.004004
0.004707
0.005617
0.006343
0.007330
0.009335
0.010099
0.010839
0.011458
0.012101
0.012182
0.011961
0.013079
0.011844
0.011822
0.011650
0.011105
0.010560
0.009936
0.009331
0.008573
0.006502
0.007010
0.006121
0.003982
0.004226
0.002247
0.001448
0.000454
-0.000532
-0.001844
-0.003058
-0.005453
-0.005333
-0.007834
-0.007848
-0.009008
-0.011448
-0.010782
-0.012675
-0.012795
-0.012802
-0.011448
-0.010808
-0.010073
-0.009294
-0.008852
-0.007972
-0.006545
-0.005841
-0.005044
-0.004175
-0.003415
-0.002467
-0.001262
-0.000839
0.000046
0.001003
0.002113
0.003074
0.004228
0.006535
0.006496
0.007751
0.008423
0.010674
0.011994
0.011573
0.012936
0.012913
0.011439
0.012393
0.010825
0.010344
0.009772
0.009615
0.008804
0.006763
0.007180
0.006322
0.005385
0.004602
0.003670
0.002615
0.000690
-0.000301
-0.001448
-0.003644
-0.003673
-0.005942
-0.006082
-0.007254
-0.008213
-0.010555
-0.010485
-0.011196
-0.011769
-0.012306
-0.012506
-0.011041
-0.012043
-0.011281
-0.010678
-0.009935
-0.009210
-0.008537
-0.007904
-0.006859
-0.006132
-0.005105
-0.003957
-0.002915
-0.001915
-0.000982
-0.000584
0.001223
0.001340
0.003135
0.004294
0.005647
0.006856
0.008054
0.009499
0.009660
0.011753
0.011905
0.011993
0.012090
0.012203
0.011588
0.011247
0.010896
0.010511
0.009948
0.009478
0.008702
0.006875
0.007516
0.005297
0.005668
0.004339
0.003785
0.002059
0.000666
0.000295
-0.002825
-0.003073
-0.005716
-0.005527
-0.008163
-0.008066
-0.009155
-0.011583
-0.013038
-0.013277
-0.013524
-0.013857
-0.014028
-0.013757
-0.011884
-0.011110
-0.010419
-0.009111
-0.008900
-0.007755
-0.006622
-0.005617
-0.005843
-0.003372
-0.002984
-0.001309
-0.001065
0.000851
0.001750
0.002415
0.004139
0.005173
0.006493
0.007678
0.010060
0.010812
0.012272
0.013041
0.013261
0.013259
0.013191
0.012885
0.012689
0.011614
0.011235
0.010735
0.008806
0.009383
0.008463
0.007288
0.005873
0.003992
0.001764
-0.000735
-0.004650
-0.006940
-0.008954
-0.011109
-0.013640
-0.016076
-0.018358
-0.020971
-0.023795
-0.027339
-0.030717
-0.034224
-0.037344
-0.039829
-0.043084
-0.052272
-0.056295
-0.059305
-0.051402
-0.060907
-0.064780
-0.067296
-0.069103
-0.071012
-0.065693
-0.067512
-0.077565
-0.069165
-0.077420
-0.078955
-0.079026
-0.079037
-0.079868
-0.073535
-0.082059
-0.080634
-0.078622
-0.076867
-0.073293
-0.071518
-0.068962
-0.065484
-0.061054
-0.057992
-0.061368
-0.058095
-0.050757
-0.045366
-0.045584
-0.043735
-0.040718
-0.038923
-0.036303
-0.029374
-0.027238
-0.029968
-0.023696
-0.025179
-0.022828
-0.020047
-0.017325
-0.016069
-0.011736
-0.011831
-0.010777
-0.010631
-0.011977
-0.010758
-0.011213
-0.011716
-0.012223
-0.012630
-0.014809
-0.015431
-0.015978
-0.015222
-0.016924
-0.013786
-0.015278
-0.014759
-0.014186
-0.014039
-0.013338
-0.012545
-0.012053
-0.010923
-0.009405
-0.007837
-0.006915
-0.005935
-0.006385
-0.004440
-0.003623
-0.002818
-0.002172
-0.002007
-0.000952
-0.000547
0.000448
0.001041
0.001589
0.002080
0.002806
0.003365
0.003888
0.004399
0.004377
0.005181
0.004980
0.005351
0.004988
0.004960
0.004492
0.004353
0.003887
0.003439
0.002566
0.002281
0.001214
0.000719
0.000305
0.000136
-0.000359
-0.001070
-0.001867
-0.002513
-0.002820
-0.003274
-0.003802
-0.004415
-0.004986
-0.005361
-0.006419
-0.006356
-0.006444
-0.006560
-0.005937
-0.005924
-0.005770
-0.005204
-0.005263
-0.003949
-0.003973
-0.002739
-0.002348
-0.002422
-0.001752
-0.000772
0.000203
0.000970
0.001689
0.002459
0.003395
0.004427
0.005397
0.006316
0.008713
0.009679
0.010602
0.011343
0.012000
0.013205
0.013222
0.013295
0.013154
0.010607
0.012647
0.010087
0.010998
0.010370
0.009724
0.008870
0.006706
0.006029
0.006564
0.005743
0.004905
0.002770
0.002031
0.001355
0.000529
-0.000252
-0.001023
-0.001791
-0.002329
-0.002900
-0.003652
-0.004340
-0.004952
-0.005496
-0.005867
-0.006142
-0.006166
-0.005840
-0.005115
-0.005677
-0.004851
-0.004760
-0.004505
-0.003970
-0.003452
-0.003122
-0.002973
-0.002514
-0.002026
-0.001365
-0.000892
-0.000313
0.000784
0.001619
0.001882
0.003436
0.003651
0.004239
0.004709
0.006099
0.006362
0.006600
0.006909
0.007087
0.006295
0.006828
0.005929
0.005189
0.004923
0.004592
0.004328
0.003996
0.003442
0.002997
0.002485
0.002811
0.002210
0.001532
0.000646
-0.000364
-0.002034
-0.002736
-0.004018
-0.005468
-0.006939
-0.009767
-0.009408
-0.010271
-0.013613
-0.014182
-0.014404
-0.014644
-0.014682
-0.013049
-0.013988
-0.013558
-0.011520
-0.010639
-0.009621
-0.008487
-0.007313
-0.006221
-0.004935
-0.003382
-0.001779
-0.000268
0.001632
0.003518
0.005298
0.007396
0.009784
0.012395
0.015261
0.017061
0.020821
0.022942
0.025683
0.029424
0.032275
0.035382
0.038302
0.047012
0.050699
0.053326
0.058080
0.061754
0.057876
0.068771
0.065257
0.061534
0.071406
0.064882
0.074859
0.070255
0.070286
0.072376
0.082464
0.082782
0.082751
0.082995
0.085828
0.084676
0.082854
0.082046
0.079993
0.078891
0.074205
0.071748
0.069547
0.066128
0.069575
0.066045
0.063304
0.060305
0.058498
0.048495
0.051890
0.043253
0.040384
0.044102
0.035349
0.037720
0.030394
0.027982
0.025759
0.027135
0.023840
0.020261
0.017007
0.013934
0.011536
0.010472
0.009659
0.009037
0.008703
0.008332
0.007502
0.006638
0.005818
0.005063
0.004375
0.003912
0.003366
0.003085
0.002689
0.002398
0.002040
0.001534
0.001180
0.001028
0.001106
0.001061
0.000887
0.000762
0.000693
0.000737
0.000723
0.000652
0.000478
0.000327
0.000271
0.000319
0.000405
0.000379
0.000364
0.000334
0.000265
0.000313
0.000344
0.000408
0.000309
0.000213
0.000144
0.000134
0.000295
0.000537
0.000592
0.000622
0.000520
0.000294
0.000042
-0.000029
-0.000067
-0.000083
-0.000108
-0.000083
-0.000056
0.000001
0.000132
0.000150
0.000066
-0.000022
-0.000088
-0.000150
-0.000205
-0.000266
-0.000251
-0.000171
-0.000152
-0.000108
-0.000099
-0.000156
-0.000200
-0.000271
-0.000295
-0.000284
-0.000200
-0.000226
-0.000222
-0.000135
-0.000107
-0.000117
-0.000085
-0.000183
-0.000281
-0.000194
-0.000021
-0.000012
-0.000070
-0.000107
-0.000170
-0.000157
-0.000053
0.000141
0.000222
0.000192
0.000113
0.000054
-0.000006
-0.000044
-0.000011
-0.000003
-0.000010
-0.000044
-0.000120
-0.000124
-0.000083
-0.000032
-0.000082
-0.000200
-0.000228
-0.000176
-0.000040
0.000093
0.000138
-0.000053
-0.000185
-0.000233
-0.000193
-0.000031
0.000071
0.000035
-0.000107
-0.000145
-0.000116
-0.000002
0.000026
0.000113
0.000154
0.000107
0.000088
0.000051
0.000066
0.000185
0.000313
0.000290
0.000115
0.000055
0.000187
0.000281
0.000252
0.000177
0.000066
-0.000089
-0.000088
0.000027
0.000163
0.000179
0.000046
-0.000138
-0.000238
-0.000217
-0.000070
0.000028
-0.000052
-0.000128
-0.000241
-0.000276
-0.000210
-0.000091
0.000066
0.000128
-0.000055
-0.000212
-0.000207
-0.000056
0.000073
0.000067
0.000017
-0.000073
-0.000163
-0.000201
-0.000142
-0.000094
-0.000015
0.000034
0.000094
0.000196
0.000283
0.000328
0.000276
0.000130
-0.000035
-0.000003
0.000131
0.000302
0.000403
0.000363
0.000218
0.000001
-0.000121
-0.000036
0.000061
0.000092
0.000042
-0.000076
-0.000112
-0.000037
0.000121
0.000224
0.000205
0.000038
0.000014
-0.000074
-0.000009
0.000072
0.000108
0.000007
-0.000000
-0.000012
-0.000005
0.000083
0.000094
0.000016
-0.000059
-0.000117
-0.000038
0.000052
0.000073
0.000107
0.000135
0.000106
0.000072
0.000061
0.000052
0.000031
-0.000017
-0.000116
-0.000197
-0.000123
0.000011
0.000045
-0.000022
-0.000242
-0.000452
-0.000522
-0.000362
-0.000296
-0.000202
-0.000212
-0.000226
-0.000320
-0.000318
-0.000306
-0.000247
-0.000153
-0.000079
-0.000024
-0.000044
-0.000103
-0.000100
-0.000051
-0.000057
-0.000163
-0.000264
-0.000333
-0.000356
-0.000359
-0.000224
-0.000038
0.000058
0.000098
0.000139
0.000099
0.000009
-0.000082
-0.000174
-0.000117
-0.000075
-0.000012
0.000029
0.000205
0.000327
0.000156
-0.000077
-0.000225
-0.000182
-0.000119
-0.000082
-0.000073
-0.000118
-0.000087
-0.000003
0.000069
0.000175
0.000294
0.000444
0.000399
0.000205
0.000048
0.000005
0.000037
0.000175
0.000267
0.000255
0.000283
0.000155
0.000068
0.000030
0.000094
-0.000020
-0.000168
-0.000022
0.000124
0.000143
0.000046
0.000032
0.000084
0.000132
0.000170
0.000240
0.000316
0.000363
0.000295
0.000173
0.000016
-0.000072
-0.000056
0.000030
0.000139
0.000127
0.000036
-0.000017
0.000049
0.000176
0.000251
0.000385
0.000445
0.000361
0.000259
0.000197
0.000154
0.000143
0.000183
0.000154
0.000079
-0.000028
-0.000079
-0.000098
-0.000132
-0.000124
-0.000134
-0.000171
-0.000171
-0.000065
0.000019
0.000029
-0.000005
-0.000105
-0.000133
-0.000077
-0.000041
-0.000011
-0.000076
-0.000280
-0.000469
-0.000542
-0.000447
-0.000294
-0.000216
-0.000281
-0.000358
-0.000400
-0.000377
-0.000148
0.000104
0.000163
0.000157
0.000091
-0.000017
-0.000184
-0.000466
-0.000963
-0.001678
-0.002586
-0.003494
-0.004295
-0.005478
-0.006815
-0.008232
-0.010247
-0.012418
-0.014029
-0.016100
-0.017751
-0.020283
-0.022676
-0.024815
-0.026812
-0.029039
-0.032169
-0.034812
-0.043056
-0.041021
-0.044331
-0.043941
-0.046678
-0.056635
-0.063849
-0.061938
-0.065116
-0.066587
-0.070352
-0.072442
-0.066957
-0.075423
-0.069330
-0.070519
-0.071315
-0.071128
-0.080388
-0.073765
-0.080243
-0.079012
-0.079778
-0.078527
-0.069258
-0.074477
-0.071939
-0.070154
-0.068148
-0.071192
-0.056317
-0.058875
-0.056591
-0.049351
-0.054715
-0.054606
-0.047858
-0.045254
-0.044803
-0.040891
-0.039569
-0.032003
-0.033562
-0.026499
-0.023978
-0.020916
-0.018428
-0.018297
-0.014511
-0.013664
-0.012837
-0.011139
-0.010248
-0.008123
-0.008756
-0.008345
-0.007443
-0.006677
-0.005717
-0.004506
-0.004802
-0.004353
-0.003345
-0.002954
-0.002910
-0.002440
-0.002227
-0.002574
-0.001961
-0.001838
-0.001504
-0.001287
-0.001171
-0.001023
-0.000837
-0.000894
-0.000834
-0.000851
-0.000622
-0.000680
-0.000505
-0.000441
-0.000354
-0.000266
-0.000214
-0.000190
-0.000177
-0.000101
-0.000045
0.000111
0.000190
0.000128
0.000009
-0.000091
-0.000058
0.000052
0.000163
0.000182
0.000079
-0.000080
-0.000175
-0.000162
-0.000056
0.000032
0.000074
0.000070
0.000026
0.000013
0.000033
-0.000000
-0.000070
-0.000106
-0.000115
-0.000066
0.000029
0.000053
0.000014
0.000009
0.000008
-0.000015
-0.000018
-0.000004
-0.000032
-0.000037
-0.000030
-0.000078
-0.000082
-0.000011
0.000067
0.000040
-0.000077
-0.000274
-0.000453
-0.000337
-0.000219
-0.000061
0.000073
0.000072
-0.000003
-0.000031
0.000017
0.000121
0.000185
0.000176
0.000078
0.000006
0.000075
0.000148
0.000180
0.000143
0.000071
0.000031
0.000033
0.000084
0.000186
0.000174
0.000074
-0.000059
-0.000108
-0.000013
0.000142
0.000298
0.000191
0.000078
-0.000106
-0.000248
-0.000262
-0.000066
0.000156
0.000229
0.000184
0.000063
-0.000031
-0.000009
0.000023
-0.000016
-0.000118
-0.000182
-0.000227
-0.000330
-0.000349
-0.000297
-0.000275
-0.000295
-0.000174
0.000027
0.000289
0.000627
0.000554
0.000443
0.000356
0.000359
0.000358
0.000432
0.000475
0.000449
0.000222
-0.000031
-0.000123
-0.000032
0.000130
0.000161
0.000149
0.000057
0.000019
0.000061
0.000208
0.000350
0.000493
0.000500
0.000315
0.000009
0.000009
-0.000128
-0.000014
-0.000067
-0.000249
-0.000265
-0.000198
-0.000062
-0.000000
0.000024
-0.000064
-0.000166
-0.000185
-0.000045
0.000145
0.000252
0.000198
0.000002
-0.000060
-0.000042
0.000017
0.000064
0.000122
0.000138
0.000107
0.000129
0.000145
0.000281
0.000531
0.000480
0.000450
0.000227
0.000074
0.000084
0.000229
0.000280
0.000227
0.000223
0.000545
0.001190
0.002011
0.002827
0.003860
0.004709
0.005597
0.006748
0.007759
0.009792
0.011620
0.012940
0.013934
0.014729
0.015510
0.015302
0.016268
0.016477
0.016271
0.016068
0.014277
0.015633
0.013552
0.014245
0.010973
0.011592
0.008224
0.007092
0.005322
0.004133
0.003007
0.001795
0.001442
0.000173
-0.002698
-0.004172
-0.005455
-0.006906
-0.009134
-0.011124
-0.011342
-0.014321
-0.013578
-0.015658
-0.014233
-0.015218
-0.014073
-0.014692
-0.013234
-0.013684
-0.013101
-0.012687
-0.011452
-0.010154
-0.008869
-0.007594
-0.006574
-0.006521
-0.005534
-0.005065
-0.004664
-0.003723
-0.003322
-0.003228
-0.002752
-0.002547
-0.002373
-0.002199
-0.001900
-0.001467
-0.001465
-0.001142
-0.001276
-0.001008
-0.001055
-0.000810
-0.000852
-0.000669
-0.000555
-0.000342
-0.000300
-0.000343
-0.000278
-0.000187
-0.000140
-0.000182
-0.000287
-0.000306
-0.000225
-0.000134
-0.000101
-0.000130
-0.000173
-0.000156
-0.000163
-0.000200
-0.000201
-0.000118
-0.000065
-0.000071
-0.000106
-0.000168
-0.000161
-0.000072
0.000059
0.000214
0.000227
0.000097
-0.000019
-0.000066
-0.000067
-0.000092
-0.000112
-0.000157
-0.000140
0.000030
0.000146
0.000131
0.000131
0.000159
0.000130
0.000051
-0.000028
0.000016
0.000107
0.000125
0.000087
0.000032
0.000004
0.000044
0.000155
0.000123
-0.000008
-0.000158
-0.000237
-0.000138
-0.000012
0.000055
0.000065
0.000049
0.000047
0.000008
0.000029
0.000045
0.000019
-0.000020
0.000014
0.000056
0.000076
0.000171
0.000218
0.000193
0.000145
0.000060
0.000005
-0.000005
0.000030
0.000092
0.000124
0.000123
0.000116
0.000157
0.000222
0.000252
0.000192
0.000077
0.000004
0.000076
0.000171
0.000157
0.000091
0.000092
0.000086
0.000041
0.000079
0.000016
-0.000109
-0.000202
-0.000285
-0.000368
-0.000332
-0.000282
-0.000154
-0.000102
-0.000168
-0.000354
-0.000369
-0.000239
-0.000100
0.000005
-0.000169
-0.000700
-0.001295
-0.002054
-0.002956
-0.003816
-0.005270
-0.006810
-0.008640
-0.010265
-0.011518
-0.013001
-0.015745
-0.017728
-0.019587
-0.021326
-0.023756
-0.024784
-0.028310
-0.030297
-0.033395
-0.042226
-0.039801
-0.045733
-0.051512
-0.054582
-0.058210
-0.056272
-0.053092
-0.059584
-0.060467
-0.058081
-0.051899
-0.050897
-0.052672
-0.045731
-0.042957
-0.040961
-0.037343
-0.033888
-0.029914
-0.025456
-0.020600
-0.015635
-0.012753
-0.009657
-0.006179
0.001242
0.002476
0.010553
0.009639
0.020806
0.020750
0.033045
0.039209
0.039710
0.048804
0.045258
0.058686
0.056490
0.058579
0.056455
0.065577
0.074115
0.062603
0.072504
0.074543
0.076478
0.079252
0.085405
0.079831
0.080060
0.081960
0.073418
0.084210
0.084067
0.092999
0.076481
0.095073
0.078742
0.086783
0.077160
0.092275
0.087643
0.068699
0.073787
0.060918
0.068574
0.052272
0.046299
0.041640
0.043070
0.037014
0.024603
0.025406
0.019485
0.012769
0.002343
-0.007047
-0.009088
-0.017122
-0.021822
-0.031130
-0.037369
-0.042641
-0.049386
-0.053384
-0.062832
-0.062933
-0.064727
-0.065890
-0.066379
-0.066255
-0.058772
-0.057661
-0.056184
-0.061291
-0.054416
-0.052739
-0.055249
-0.048727
-0.047709
-0.046308
-0.044480
-0.042508
-0.040371
-0.045998
-0.043065
-0.035841
-0.033225
-0.027978
-0.032205
-0.029137
-0.031304
-0.028655
-0.032748
-0.033660
-0.031544
-0.035116
-0.031881
-0.028854
-0.028919
-0.032275
-0.028891
-0.032292
-0.031979
-0.029058
-0.029229
-0.032528
-0.028927
-0.032400
-0.028891
-0.029242
-0.032378
-0.028925
-0.031715
-0.035701
-0.032066
-0.035695
-0.031726
-0.035343
-0.031416
-0.034003
-0.030097
-0.029566
-0.031005
-0.027424
-0.028943
-0.025307
0.107223
-0.160001
0.088942
-0.143737
0.071224
-0.117368
0.053227
-0.097690
0.037055
-0.076209
0.023952
-0.055585
0.013538
-0.039870
0.008235
-0.027034
0.006908
-0.020573
0.002532
-0.014827
0.000433
-0.008898
-0.000623
-0.005653
-0.000859
-0.002182
-0.001381
-0.004187
