0.005583
0.009728
0.019075
0.022469
0.028233
0.026892
0.019974
0.018252
0.006497
0.011121
0.005220
0.010315
0.012516
0.013144
0.021025
0.016518
0.023515
0.017028
0.018661
0.013382
0.009862
0.011770
0.010849
0.014430
0.014924
0.016240
0.016040
0.016703
0.014669
0.015636
0.015425
0.015125
0.014713
0.014151
0.013518
0.012841
0.012123
0.010786
0.009636
0.008783
0.008215
0.008032
0.008716
0.009780
0.010929
0.011846
0.012538
0.012407
0.011775
0.010834
0.010009
0.009359
0.008978
0.008723
0.008575
0.008528
0.008555
0.008496
0.008329
0.007856
0.007318
0.007135
0.007669
0.008106
0.007920
0.007722
0.007959
0.008241
0.008512
0.008703
0.008728
0.008521
0.008247
0.007688
0.007066
0.006376
0.006230
0.006289
0.006120
0.005688
0.005087
0.004305
0.003314
0.002366
0.001641
0.001481
0.001832
0.002780
0.004046
0.005174
0.006043
0.005988
0.005739
0.005971
0.006348
0.006574
0.006757
0.007009
0.007296
0.007795
0.008424
0.009174
0.009609
0.009485
0.008998
0.008011
0.007245
0.006870
0.007062
0.007660
0.008656
0.010033
0.011294
0.012590
0.013169
0.013313
0.013026
0.012446
0.011819
0.011072
0.010623
0.010531
0.010544
0.010953
0.011472
0.011946
0.012340
0.012562
0.012593
0.012484
0.012240
0.012344
0.013010
0.013833
0.014645
0.015105
0.015613
0.016025
0.016233
0.016002
0.014995
0.013573
0.012457
0.011743
0.011518
0.011502
0.011552
0.011607
0.011538
0.011279
0.010802
0.010201
0.009448
0.008925
0.008632
0.008357
0.007964
0.007430
0.006845
0.006149
0.005432
0.004701
0.004067
0.003995
0.004184
0.004311
0.004321
0.004057
0.003806
0.003866
0.004136
0.004198
0.004123
0.003858
0.003594
0.003500
0.003540
0.003618
0.003695
0.003763
0.003839
0.003797
0.003585
0.003331
0.003096
0.003035
0.003170
0.003422
0.003700
0.003946
0.004147
0.004356
0.004483
0.004494
0.004400
0.004334
0.004414
0.004669
0.004954
0.005220
0.005394
0.005468
0.005429
0.005316
0.005151
0.004956
0.004860
0.004874
0.004918
0.004955
0.005044
0.005135
0.005158
0.005191
0.005171
0.005110
0.004999
0.004919
0.004885
0.004872
0.004791
0.004649
0.004449
0.004153
0.003805
0.003424
0.003126
0.002938
0.002879
0.002951
0.003149
0.003400
0.003601
0.003690
0.003725
0.003718
0.003659
0.003556
0.003425
0.003241
0.003110
0.003123
0.003221
0.003370
0.003511
0.003631
0.003641
0.003571
0.003464
0.003422
0.003461
0.003760
0.004789
0.007339
0.012502
0.018064
0.024900
0.032901
0.042507
0.055895
0.071802
0.089379
0.107034
0.125578
0.142051
0.157129
0.171624
0.187529
0.200963
0.215299
0.227198
0.236759
0.244539
0.251519
0.259576
0.266366
0.271032
0.277103
0.282764
0.285911
0.289896
0.290946
0.288588
0.283413
0.272311
0.257813
0.238538
0.213592
0.182861
0.145481
0.098852
0.046970
-0.009108
-0.063642
-0.121986
-0.189572
-0.262892
-0.328417
-0.397506
-0.476304
-0.557743
-0.633532
-0.711875
-0.793547
-0.883363
-0.965484
-1.046962
-1.126345
-1.210736
-1.285124
-1.359887
-1.434212
-1.499271
-1.561102
-1.618597
-1.674544
-1.727389
-1.774562
-1.817741
-1.859653
-1.897334
-1.930072
-1.956794
-1.979993
-2.002243
-2.020985
-2.037017
-2.051714
-2.065111
-2.076738
-2.086868
-2.095940
-2.104176
-2.111327
-2.117827
-2.123739
-2.129234
-2.135103
-2.139421
-2.142776
-2.145621
-2.148282
-2.151135
-2.154330
-2.157788
-2.161834
-2.165729
-2.169815
-2.173768
-2.177506
-2.180847
-2.183852
-2.186517
-2.188819
-2.190788
-2.192421
-2.194065
-2.195855
-2.198022
-2.200335
-2.202693
-2.205107
-2.207571
-2.210201
-2.213088
-2.215987
-2.218722
-2.221283
-2.223636
-2.225901
-2.228161
-2.230365
-2.232367
-2.234199
-2.236098
-2.237795
-2.239591
-2.241822
-2.243902
-2.246065
-2.248246
-2.250519
-2.252919
-2.255442
-2.258106
-2.260961
-2.263149
-2.264826
-2.266210
-2.267417
-2.269173
-2.271416
-2.273632
-2.275892
-2.277841
-2.279711
-2.281457
-2.283038
-2.284418
-2.285604
-2.286709
-2.287941
-2.289215
-2.290508
-2.291712
-2.292797
-2.293862
-2.294864
-2.296624
-2.299006
-2.302282
-2.305481
-2.309948
-2.315377
-2.322356
-2.332943
-2.344605
-2.358132
-2.371390
-2.387348
-2.400740
-2.414129
-2.428125
-2.442025
-2.454290
-2.465831
-2.476215
-2.484785
-2.491757
-2.496265
-2.500047
-2.501268
-2.500434
-2.497935
-2.493862
-2.489330
-2.481242
-2.473167
-2.464504
-2.453993
-2.445385
-2.436419
-2.426363
-2.415203
-2.400484
-2.386301
-2.372746
-2.360696
-2.346041
-2.333308
-2.320725
-2.308560
-2.294924
-2.282982
-2.271875
-2.262475
-2.256069
-2.249922
-2.246336
-2.245148
-2.247240
-2.251359
-2.257516
-2.265240
-2.274595
-2.285484
-2.296506
-2.306768
-2.318436
-2.328341
-2.338216
-2.347813
-2.356848
-2.366519
-2.374735
-2.381099
-2.386404
-2.391131
-2.395555
-2.399691
-2.403718
-2.407716
-2.411878
-2.415723
-2.419507
-2.423264
-2.426891
-2.430263
-2.433306
-2.436055
-2.438410
-2.440585
-2.442886
-2.445605
-2.448714
-2.452387
-2.455298
-2.457556
-2.459335
-2.460810
-2.462168
-2.463444
-2.464997
-2.466771
-2.468618
-2.470525
-2.472340
-2.474070
-2.475996
-2.477909
-2.479760
-2.482245
-2.484738
-2.487044
-2.489021
-2.490667
-2.492049
-2.493483
-2.494746
-2.495914
-2.497015
-2.498135
-2.499837
-2.501760
-2.503452
-2.505317
-2.507559
-2.509696
-2.512169
-2.514888
-2.517846
-2.520636
-2.522693
-2.524413
-2.525902
-2.527367
-2.529082
-2.531267
-2.533852
-2.535927
-2.537679
-2.539034
-2.540035
-2.540912
-2.541903
-2.543473
-2.545856
-2.548976
-2.552365
-2.555810
-2.558332
-2.560113
-2.561128
-2.561863
-2.562506
-2.563428
-2.564383
-2.565164
-2.565748
-2.566829
-2.568197
-2.569830
-2.571755
-2.573888
-2.576252
-2.578327
-2.580014
-2.581483
-2.582645
-2.583658
-2.584922
-2.586808
-2.589023
-2.591214
-2.592745
-2.594132
-2.595093
-2.596151
-2.596921
-2.597922
-2.599529
-2.601770
-2.604381
-2.607475
-2.610357
-2.613316
-2.616294
-2.619254
-2.622298
-2.624561
-2.626496
-2.628159
-2.629501
-2.631080
-2.632555
-2.634211
-2.635870
-2.637747
-2.639275
-2.640787
-2.642322
-2.643748
-2.645334
-2.646760
-2.648405
-2.649898
-2.651789
-2.653714
-2.656183
-2.658949
-2.661680
-2.664066
-2.665873
-2.667131
-2.667937
-2.668388
-2.668660
-2.669051
-2.669763
-2.671277
-2.673379
-2.675762
-2.678495
-2.680939
-2.683539
-2.686240
-2.691074
-2.697561
-2.706086
-2.717160
-2.728907
-2.743060
-2.757436
-2.772247
-2.784623
-2.797499
-2.808566
-2.818210
-2.826739
-2.833876
-2.839811
-2.844787
-2.848644
-2.851092
-2.852031
-2.851646
-2.847547
-2.844146
-2.837835
-2.829949
-2.822570
-2.814055
-2.808104
-2.802955
-2.798447
-2.792919
-2.785353
-2.776204
-2.764427
-2.751909
-2.737898
-2.723796
-2.709501
-2.698563
-2.688447
-2.679694
-2.671763
-2.665726
-2.661430
-2.658068
-2.655833
-2.654896
-2.655629
-2.657945
-2.661582
-2.667379
-2.674650
-2.684192
-2.694169
-2.703535
-2.713472
-2.721747
-2.729505
-2.736682
-2.743507
-2.750173
-2.756568
-2.762641
-2.769167
-2.774143
-2.779207
-2.783942
-2.788056
-2.791780
-2.795945
-2.799617
-2.803070
-2.805734
-2.808069
-2.810619
-2.813280
-2.816102
-2.819481
-2.822609
-2.825664
-2.828396
-2.830928
-2.833223
-2.835327
-2.837374
-2.839221
-2.841032
-2.842902
-2.844850
-2.846917
-2.849009
-2.851287
-2.854546
-2.857571
-2.860184
-2.862528
-2.864704
-2.866519
-2.867838
-2.868974
-2.869802
-2.870392
-2.870964
-2.871629
-2.872498
-2.873821
-2.875382
-2.877139
-2.879224
-2.881841
-2.884248
-2.886636
-2.888567
-2.890324
-2.892041
-2.893877
-2.895661
-2.897424
-2.899695
-2.902494
-2.904922
-2.906710
-2.908186
-2.909963
-2.911391
-2.912757
-2.914113
-2.915572
-2.917192
-2.918907
-2.920581
-2.922450
-2.924325
-2.926132
-2.928081
-2.929715
-2.931244
-2.932676
-2.934143
-2.935443
-2.937138
-2.938889
-2.940981
-2.943054
-2.945311
-2.947713
-2.949971
-2.951364
-2.952212
-2.953243
-2.954594
-2.956072
-2.958026
-2.959597
-2.961075
-2.962556
-2.964555
-2.966962
-2.969520
-2.972076
-2.974419
-2.976567
-2.978697
-2.980491
-2.982007
-2.983392
-2.984711
-2.986185
-2.987899
-2.989821
-2.991698
-2.993790
-2.995953
-2.998580
-3.001719
-3.004729
-3.006843
-3.008668
-3.009717
-3.010164
-3.010663
-3.011808
-3.013796
-3.016217
-3.018518
-3.021399
-3.023633
-3.025642
-3.027542
-3.029630
-3.031764
-3.034185
-3.036444
-3.038743
-3.041019
-3.042797
-3.044444
-3.045981
-3.047408
-3.049384
-3.051786
-3.053516
-3.054721
-3.055585
-3.056820
-3.058946
-3.061132
-3.063864
-3.066509
-3.069213
-3.070960
-3.072111
-3.073080
-3.074055
-3.075131
-3.076232
-3.077248
-3.078531
-3.080323
-3.082066
-3.084260
-3.086496
-3.088857
-3.091018
-3.093261
-3.095521
-3.097755
-3.100089
-3.102183
-3.103973
-3.105535
-3.106929
-3.108247
-3.109379
-3.110889
-3.112288
-3.113838
-3.115523
-3.117506
-3.119798
-3.121624
-3.123586
-3.125507
-3.127424
-3.129397
-3.131356
-3.132992
-3.134340
-3.135452
-3.136751
-3.138056
-3.139416
-3.140781
-3.142505
-3.144087
-3.145850
-3.147659
-3.149197
-3.150657
-3.152117
-3.153778
-3.155754
-3.157389
-3.159139
-3.160761
-3.162172
-3.163699
-3.165636
-3.167718
-3.169396
-3.170656
-3.171189
-3.170762
-3.169136
-3.166871
-3.162700
-3.157604
-3.151528
-3.145955
-3.139996
-3.132565
-3.124848
-3.116519
-3.109740
-3.101720
-3.094510
-3.089760
-3.085895
-3.082740
-3.079878
-3.076416
-3.073996
-3.072175
-3.070220
-3.069829
-3.069984
-3.070547
-3.073431
-3.076169
-3.080375
-3.086167
-3.096217
-3.106202
-3.117985
-3.132444
-3.149084
-3.168027
-3.187267
-3.207715
-3.234301
-3.259179
-3.285176
-3.308867
-3.334455
-3.361421
-3.384122
-3.402784
-3.420193
-3.436881
-3.451845
-3.465588
-3.477661
-3.488274
-3.497418
-3.505179
-3.511478
-3.517720
-3.519849
-3.520037
-3.518364
-3.515663
-3.507642
-3.497327
-3.484770
-3.470212
-3.456562
-3.438858
-3.421359
-3.401184
-3.384647
-3.366589
-3.350482
-3.334819
-3.316738
-3.300029
-3.287339
-3.276077
-3.263989
-3.253082
-3.243201
-3.236276
-3.230771
-3.226838
-3.225638
-3.225448
-3.227405
-3.231550
-3.237491
-3.247310
-3.258511
-3.271467
-3.284049
-3.300567
-3.316141
-3.330775
-3.347186
-3.362329
-3.377804
-3.388928
-3.400871
-3.410083
-3.418625
-3.427745
-3.434606
-3.439625
-3.441756
-3.442879
-3.442411
-3.440684
-3.437700
-3.431541
-3.424916
-3.419729
-3.413000
-3.403404
-3.392836
-3.382797
-3.370390
-3.359273
-3.348078
-3.338974
-3.328410
-3.320784
-3.315081
-3.311641
-3.309563
-3.307735
-3.308952
-3.311170
-3.316599
-3.322423
-3.330038
-3.339270
-3.349803
-3.361833
-3.374986
-3.389305
-3.404457
-3.420585
-3.438642
-3.456078
-3.470930
-3.486281
-3.502234
-3.518040
-3.531500
-3.546119
-3.556536
-3.565297
-3.572207
-3.579376
-3.583430
-3.585725
-3.584972
-3.580813
-3.574360
-3.566212
-3.553912
-3.542398
-3.526804
-3.511545
-3.495647
-3.479791
-3.464461
-3.449365
-3.434416
-3.419696
-3.404269
-3.390635
-3.378701
-3.368631
-3.357861
-3.350352
-3.343911
-3.338891
-3.334396
-3.332708
-3.331906
-3.334751
-3.338786
-3.346485
-3.354885
-3.365842
-3.379096
-3.394175
-3.412447
-3.430480
-3.447266
-3.465785
-3.482770
-3.499148
-3.514980
-3.530154
-3.544515
-3.558188
-3.571396
-3.585893
-3.597365
-3.607111
-3.615346
-3.622632
-3.628967
-3.634675
-3.641106
-3.645803
-3.650629
-3.653070
-3.655343
-3.656151
-3.655823
-3.653547
-3.650246
-3.645724
-3.640779
-3.635175
-3.630725
-3.626820
-3.623265
-3.619949
-3.616790
-3.613782
-3.611054
-3.608793
-3.607159
-3.606129
-3.605416
-3.605527
-3.606211
-3.606983
-3.608031
-3.609013
-3.610029
-3.611081
-3.612146
-3.613345
-3.614378
-3.615402
-3.616378
-3.617266
-3.618110
-3.618854
-3.619723
-3.620584
-3.621396
-3.622460
-3.623909
-3.625226
-3.626686
-3.628214
-3.630009
-3.631850
-3.634081
-3.636161
-3.638335
-3.639829
-3.641225
-3.642478
-3.643815
-3.645925
-3.648038
-3.650515
-3.653771
-3.658699
-3.664340
-3.671675
-3.678790
-3.686278
-3.694117
-3.701420
-3.709379
-3.717960
-3.726874
-3.738196
-3.749686
-3.761722
-3.773532
-3.787036
-3.800583
-3.815048
-3.831646
-3.848320
-3.865420
-3.883157
-3.903428
-3.922129
-3.943393
-3.962113
-3.984626
-4.006158
-4.027841
-4.048826
-4.070370
-4.089039
-4.109732
-4.131962
-4.156307
-4.179243
-4.203032
-4.224529
-4.245906
-4.267401
-4.290970
-4.312591
-4.333720
-4.356676
-4.377981
-4.398962
-4.420372
-4.444228
-4.467060
-4.491140
-4.511788
-4.534959
-4.557005
-4.582173
-4.604500
-4.629789
-4.655547
-4.681328
-4.705575
-4.729888
-4.754329
-4.778591
-4.807336
-4.838086
-4.863919
-4.892909
-4.919864
-4.947250
-4.975580
-5.003641
-5.032098
-5.060870
-5.092724
-5.123161
-5.156322
-5.187077
-5.218451
-5.250386
-5.283236
-5.316490
-5.352003
-5.389722
-5.426957
-5.462508
-5.498493
-5.538036
-5.575449
-5.615353
-5.656914
-5.701613
-5.747745
-5.804037
-5.862424
-5.922487
-5.979083
-6.043157
-6.113985
-6.186677
-6.256177
-6.329314
-6.411818
-6.496459
-6.589439
-6.693613
-6.793814
-6.902004
-7.008148
-7.116899
-7.244228
-7.375665
-7.495241
-7.615071
-7.731327
-7.840865
-7.950693
-8.047678
-8.131227
-8.202182
-8.266436
-8.321595
-8.375749
-8.420721
-8.462528
-8.490362
-8.515413
-8.535997
-8.547568
-8.547675
-8.540551
-8.529108
-8.501355
-8.472985
-8.427896
-8.382719
-8.326462
-8.262293
-8.191461
-8.104112
-8.000099
-7.893029
-7.779158
-7.657906
-7.520872
-7.393656
-7.242508
-7.108503
-6.993626
-6.888008
-6.791469
-6.703313
-6.635246
-6.575754
-6.527683
-6.487650
-6.456386
-6.433218
-6.416279
-6.410882
-6.407320
-6.404561
-6.414217
-6.428017
-6.458802
-6.492119
-6.542201
-6.598737
-6.662802
-6.746110
-6.855361
-6.973667
-7.089143
-7.222188
-7.347100
-7.486496
-7.615010
-7.727428
-7.826393
-7.918454
-8.006483
-8.073810
-8.136363
-8.186299
-8.225614
-8.258091
-8.287004
-8.304720
-8.323605
-8.329177
-8.322890
-8.311361
-8.294901
-8.260734
-8.221970
-8.173097
-8.113327
-8.048660
-7.970269
-7.877481
-7.774681
-7.662644
-7.551687
-7.432438
-7.309088
-7.184428
-7.064957
-6.950393
-6.848312
-6.753634
-6.669747
-6.597062
-6.529179
-6.468830
-6.413591
-6.363601
-6.317192
-6.275547
-6.237597
-6.196439
-6.163196
-6.136974
-6.108553
-6.087803
-6.070680
-6.056043
-6.044244
-6.035181
-6.029020
-6.021594
-6.012333
-5.998362
-5.980299
-5.958623
-5.928358
-5.901221
-5.870477
-5.836087
-5.797802
-5.756108
-5.711675
-5.665038
-5.616111
-5.565460
-5.512823
-5.459007
-5.404189
-5.348230
-5.292710
-5.232523
-5.179749
-5.128699
-5.081008
-5.035437
-4.992541
-4.951455
-4.913205
-4.876493
-4.842815
-4.813280
-4.787356
-4.765049
-4.746492
-4.729172
-4.716142
-4.703493
-4.691624
-4.680552
-4.670179
-4.660737
-4.652380
-4.645096
-4.638772
-4.633314
-4.628654
-4.624672
-4.621289
-4.618405
-4.615306
-4.612385
-4.609436
-4.606494
-4.604004
-4.601728
-4.599674
-4.598033
-4.596814
-4.595810
-4.594485
-4.593058
-4.591783
-4.590628
-4.589589
-4.588697
-4.587933
-4.587257
-4.586648
-4.586048
-4.585447
-4.584904
-4.584310
-4.583580
-4.582752
-4.581854
-4.580977
-4.580241
-4.579587
-4.579110
-4.578729
-4.578457
-4.578195
-4.578083
-4.578096
-4.578179
-4.578286
-4.578385
-4.578479
-4.578698
-4.579458
-4.580920
-4.583322
-4.586495
-4.590305
-4.594703
-4.599835
-4.606367
-4.614498
-4.624045
-4.635017
-4.647218
-4.662693
-4.677736
-4.694624
-4.713123
-4.733111
-4.755800
-4.780953
-4.809222
-4.836762
-4.866893
-4.901184
-4.942292
-4.980644
-5.021127
-5.066758
-5.113977
-5.157466
-5.212860
-5.258728
-5.304734
-5.351026
-5.397961
-5.445225
-5.492226
-5.538887
-5.584274
-5.628611
-5.672750
-5.715941
-5.762990
-5.803911
-5.842904
-5.880367
-5.917067
-5.952933
-5.990330
-6.025773
-6.054721
-6.081855
-6.107300
-6.135347
-6.158989
-6.181624
-6.203752
-6.225469
-6.240770
-6.256744
-6.268984
-6.280150
-6.291123
-6.301319
-6.310165
-6.318447
-6.326132
-6.333075
-6.339393
-6.345251
-6.350946
-6.355799
-6.360230
-6.364272
-6.368311
-6.372021
-6.375120
-6.377913
-6.380466
-6.382775
-6.385036
-6.387058
-6.388765
-6.390353
-6.391813
-6.393132
-6.394614
-6.395764
-6.396773
-6.397672
-6.398460
-6.399240
-6.399852
-6.400246
-6.400559
-6.400802
-6.400988
-6.401102
-6.401194
-6.401373
-6.401568
-6.401831
-6.402155
-6.402574
-6.402908
-6.403391
-6.403915
-6.404343
-6.404783
-6.405243
-6.405723
-6.406142
-6.406352
-6.406438
-6.406397
-6.406265
-6.405950
-6.405560
-6.405273
-6.405030
-6.404811
-6.404788
-6.404885
-6.405048
-6.405265
-6.405533
-6.405833
-6.406193
-6.406478
-6.406625
-6.406661
-6.406539
-6.406257
-6.405921
-6.405319
-6.404503
-6.403743
-6.402923
-6.401951
-6.401066
-6.400254
-6.399825
-6.399683
-6.399820
-6.400155
-6.400602
-6.401096
-6.401560
-6.402047
-6.402575
-6.403066
-6.403488
-6.403853
-6.404185
-6.404454
-6.404692
-6.404821
-6.405023
-6.405434
-6.405937
-6.406492
-6.407060
-6.407765
-6.408519
-6.409250
-6.409893
-6.410469
-6.411180
-6.411679
-6.411998
-6.412114
-6.411954
-6.411387
-6.410650
-6.409947
-6.409389
-6.408969
-6.408688
-6.408342
-6.407936
-6.407523
-6.407001
-6.406552
-6.406142
-6.405765
-6.405460
-6.405051
-6.404543
-6.404109
-6.403988
-6.403940
-6.403828
-6.403788
-6.403921
-6.404051
-6.404281
-6.404713
-6.405293
-6.405953
-6.406643
-6.407391
-6.408316
-6.409273
-6.410043
-6.410380
-6.410674
-6.411142
-6.411833
-6.412523
-6.413096
-6.413718
-6.414083
-6.414169
-6.414068
-6.413751
-6.413405
-6.413005
-6.412511
-6.411800
-6.410846
-6.409969
-6.409574
-6.409985
-6.411290
-6.412402
-6.412796
-6.412557
-6.412040
-6.411396
-6.410678
-6.409958
-6.409305
-6.408761
-6.408680
-6.408644
-6.408495
-6.408369
-6.408327
-6.408312
-6.408411
-6.408917
-6.410084
-6.411934
-6.413321
-6.414242
-6.415235
-6.416144
-6.416880
-6.417655
-6.418091
-6.417867
-6.416846
-6.414832
-6.412939
-6.411763
-6.411280
-6.411181
-6.411264
-6.411962
-6.413588
-6.415735
-6.417848
-6.418949
-6.418641
-6.417769
-6.416668
-6.415508
-6.414289
-6.413058
-6.411575
-6.409660
-6.407268
-6.405511
-6.404365
-6.403292
-6.402350
-6.401649
-6.401512
-6.402053
-6.403075
-6.404313
-6.405185
-6.405661
-6.405720
-6.405480
-6.405050
-6.404499
-6.403474
-6.402334
-6.401864
-6.402765
-6.406091
-6.413724
-6.424805
-6.438520
-6.457193
-6.476322
-6.498227
-6.522357
-6.552804
-6.586811
-6.631162
-6.674151
-6.724196
-6.774391
-6.831712
-6.901811
-6.968981
-7.040376
-7.120597
-7.203740
-7.292963
-7.393924
-7.502309
-7.617502
-7.748352
-7.886090
-8.035178
-8.165753
-8.297011
-8.420406
-8.540508
-8.657194
-8.776799
-8.899496
-9.013793
-9.118182
-9.216054
-9.316016
-9.410125
-9.511469
-9.604441
-9.695402
-9.778391
-9.862835
-9.948528
-10.022346
-10.099198
-10.173569
-10.242163
-10.304706
-10.367146
-10.427828
-10.485067
-10.544423
-10.598436
-10.647303
-10.690763
-10.732464
-10.767455
-10.796214
-10.818520
-10.835428
-10.845027
-10.849606
-10.847024
-10.838993
-10.826052
-10.807059
-10.782390
-10.752121
-10.716024
-10.675138
-10.628305
-10.575796
-10.520235
-10.458073
-10.390767
-10.316708
-10.237554
-10.149943
-10.061219
-9.963015
-9.857641
-9.749169
-9.649431
-9.542385
-9.432094
-9.323090
-9.222660
-9.129489
-9.040764
-8.957713
-8.880287
-8.808008
-8.739652
-8.676307
-8.616341
-8.562119
-8.513913
-8.470600
-8.436421
-8.410013
-8.389137
-8.374753
-8.369715
-8.372012
-8.382838
-8.398729
-8.424985
-8.456098
-8.488782
-8.525638
-8.571843
-8.617054
-8.674348
-8.737451
-8.807172
-8.882341
-8.960629
-9.049923
-9.142223
-9.241723
-9.352384
-9.466590
-9.586555
-9.705562
-9.826710
-9.941907
-10.060830
-10.161569
-10.259396
-10.348411
-10.431465
-10.514614
-10.587650
-10.657892
-10.720341
-10.784356
-10.838719
-10.884133
-10.923136
-10.959871
-10.984791
-11.004942
-11.017450
-11.021683
-11.019050
-11.009552
-10.993835
-10.974170
-10.947722
-10.916910
-10.882269
-10.841020
-10.794350
-10.739290
-10.679235
-10.616145
-10.547547
-10.472879
-10.391976
-10.304225
-10.210620
-10.106795
-9.995384
-9.875348
-9.745592
-9.621667
-9.502218
-9.379558
-9.273830
-9.173398
-9.079463
-8.999502
-8.918555
-8.842968
-8.773121
-8.706505
-8.648172
-8.591017
-8.538688
-8.492099
-8.450038
-8.413463
-8.381412
-8.354489
-8.332557
-8.314700
-8.302563
-8.295171
-8.291390
-8.290350
-8.290984
-8.293177
-8.296956
-8.304136
-8.314619
-8.326874
-8.340308
-8.355340
-8.372980
-8.392836
-8.413763
-8.436107
-8.460650
-8.485542
-8.512728
-8.541470
-8.571636
-8.602550
-8.636506
-8.668862
-8.702472
-8.736960
-8.771728
-8.807226
-8.843846
-8.879754
-8.916887
-8.957577
-8.996720
-9.037523
-9.079880
-9.124562
-9.171526
-9.219677
-9.271736
-9.332065
-9.389366
-9.449187
-9.511594
-9.579366
-9.655107
-9.733310
-9.810666
-9.891062
-9.982288
-10.076594
-10.180940
-10.295522
-10.412404
-10.531517
-10.655938
-10.786976
-10.927642
-11.060753
-11.179509
-11.295464
-11.405540
-11.496281
-11.579411
-11.651176
-11.712573
-11.763445
-11.805817
-11.842818
-11.880326
-11.906699
-11.928485
-11.943608
-11.956581
-11.965421
-11.968578
-11.967025
-11.960540
-11.951272
-11.935204
-11.910181
-11.879070
-11.842960
-11.807270
-11.772210
-11.737552
-11.701679
-11.668761
-11.638620
-11.607743
-11.577094
-11.547293
-11.516866
-11.487925
-11.461693
-11.436684
-11.413205
-11.393832
-11.375572
-11.358418
-11.341623
-11.324277
-11.309473
-11.295472
-11.280920
-11.264971
-11.247917
-11.230704
-11.213593
-11.196203
-11.178504
-11.160325
-11.141736
-11.122766
-11.103477
-11.083796
-11.063765
-11.043702
-11.023550
-11.003417
-10.983147
-10.962631
-10.941576
-10.920645
-10.899749
-10.878788
-10.857876
-10.836869
-10.815855
-10.794422
-10.773062
-10.751456
-10.729890
-10.708530
-10.687184
-10.666038
-10.645094
-10.624092
-10.603351
-10.582603
-10.562047
-10.541680
-10.521056
-10.500502
-10.479726
-10.458949
-10.438055
-10.416792
-10.395227
-10.373441
-10.351498
-10.329210
-10.307418
-10.285896
-10.264751
-10.243643
-10.222944
-10.200561
-10.180353
-10.159859
-10.138831
-10.117819
-10.097060
-10.073849
-10.051243
-10.030789
-10.010044
-9.989560
-9.969068
-9.949081
-9.929785
-9.910582
-9.891893
-9.873636
-9.855665
-9.838242
-9.821930
-9.805658
-9.791690
-9.778229
-9.765148
-9.751914
-9.740096
-9.728995
-9.718291
-9.707964
-9.696396
-9.686969
-9.678373
-9.670951
-9.664033
-9.658360
-9.652766
-9.648092
-9.644150
-9.640406
-9.636989
-9.634109
-9.631583
-9.629257
-9.627272
-9.625562
-9.624114
-9.623096
-9.622128
-9.621314
-9.620284
-9.619319
-9.618447
-9.617446
-9.616416
-9.615608
-9.614832
-9.613802
-9.612707
-9.611689
-9.611033
-9.610624
-9.610383
-9.610199
-9.609686
-9.608575
-9.607324
-9.606105
-9.605295
-9.604564
-9.604170
-9.603929
-9.603768
-9.603690
-9.603731
-9.603838
-9.603878
-9.603782
-9.603669
-9.604069
-9.605534
-9.608920
-9.613078
-9.618131
-9.623856
-9.630665
-9.640410
-9.652386
-9.665586
-9.680895
-9.697626
-9.718118
-9.739345
-9.763396
-9.789815
-9.817853
-9.847858
-9.884699
-9.927796
-9.965090
-10.005565
-10.051916
-10.098035
-10.150692
-10.206819
-10.268559
-10.332104
-10.399578
-10.479712
-10.547570
-10.629306
-10.708878
-10.783707
-10.868398
-10.955749
-11.039175
-11.124385
-11.203393
-11.284148
-11.363013
-11.446987
-11.526129
-11.603589
-11.678247
-11.751142
-11.822025
-11.897886
-11.973218
-12.036542
-12.098090
-12.156766
-12.212819
-12.265627
-12.315307
-12.368704
-12.412653
-12.453908
-12.498214
-12.534391
-12.572006
-12.607239
-12.635526
-12.664555
-12.689827
-12.708621
-12.725861
-12.740991
-12.754826
-12.767454
-12.779287
-12.790173
-12.800213
-12.809428
-12.818145
-12.826606
-12.833875
-12.839906
-12.845277
-12.850256
-12.854800
-12.859943
-12.864918
-12.869317
-12.872903
-12.876426
-12.879496
-12.882126
-12.884488
-12.886530
-12.888286
-12.889694
-12.890818
-12.891783
-12.892496
-12.893039
-12.893650
-12.894430
-12.895342
-12.896107
-12.896701
-12.897081
-12.897199
-12.896998
-12.896577
-12.896464
-12.897004
-12.898025
-12.899372
-12.900255
-12.900206
-12.899594
-12.898882
-12.898239
-12.897483
-12.896642
-12.896210
-12.896439
-12.897384
-12.898581
-12.899913
-12.901102
-12.902079
-12.902950
-12.903414
-12.903364
-12.902996
-12.901978
-12.900738
-12.899525
-12.898540
-12.898043
-12.898015
-12.898509
-12.899029
-12.899132
-12.899107
-12.898909
-12.898674
-12.898788
-12.899292
-12.899913
-12.900676
-12.901424
-12.902270
-12.902552
-12.902044
-12.900922
-12.899250
-12.897634
-12.896085
-12.894925
-12.894106
-12.893640
-12.893608
-12.893828
-12.894350
-12.895059
-12.895887
-12.896717
-12.897271
-12.897568
-12.897490
-12.897068
-12.896505
-12.895646
-12.894910
-12.894223
-12.893384
-12.892548
-12.891941
-12.891388
-12.890975
-12.890849
-12.890965
-12.891391
-12.891936
-12.892662
-12.893285
-12.893991
-12.894580
-12.894933
-12.895172
-12.895172
-12.895115
-12.895098
-12.895110
-12.895118
-12.895165
-12.895360
-12.895706
-12.896216
-12.896726
-12.897187
-12.897683
-12.898037
-12.898267
-12.898336
-12.898425
-12.899480
-12.901715
-12.905024
-12.909452
-12.914788
-12.921740
-12.930421
-12.941131
-12.953816
-12.970674
-12.986135
-13.002786
-13.021970
-13.038628
-13.054624
-13.073216
-13.089252
-13.104600
-13.117245
-13.130320
-13.141869
-13.152230
-13.159630
-13.165346
-13.170753
-13.177535
-13.183819
-13.187804
-13.190568
-13.194770
-13.195802
-13.195423
-13.192287
-13.189498
-13.183706
-13.177369
-13.168572
-13.157821
-13.142492
-13.128775
-13.112802
-13.095591
-13.080207
-13.064342
-13.047212
-13.033724
-13.018150
-13.005662
-12.994982
-12.985184
-12.976874
-12.969616
-12.962762
-12.957232
-12.952660
-12.948015
-12.943690
-12.939469
-12.936123
-12.947925
-12.928706
-12.937736
-12.922102
-12.929461
-12.916473
-12.922602
-12.911941
-12.916471
-12.907888
-12.910748
-12.904734
-12.905710
-12.902214
-12.900675
-12.901164
-12.899096
-12.902820
-12.900034
-12.905576
-12.904778
-12.910487
-12.911258
-12.912674
-12.913023
-12.912594
-12.912491
-12.911854
