12.585083
10.379939
10.251787
10.580819
11.030261
11.994202
11.727052
12.205584
12.025782
12.216550
12.280924
11.755155
11.774260
11.193260
11.475612
10.874044
11.201410
10.707137
11.205481
10.830289
11.008871
10.654733
10.886487
10.602112
10.771075
10.511369
10.646308
10.376298
10.466136
10.352116
10.237728
10.252064
10.257150
10.187843
10.099510
10.073749
10.024606
9.979057
9.932958
9.903533
9.883274
9.818034
9.711711
9.756659
9.742595
9.808302
9.892360
9.976497
10.080303
10.135095
10.266351
10.346824
10.422335
10.562013
10.640652
10.723613
10.795814
10.949520
11.092356
11.145624
11.133395
11.106555
11.146793
11.194610
11.154488
11.110288
11.131467
11.152864
11.160320
11.172690
11.164264
11.245171
11.233708
11.316361
11.250039
11.179369
11.188758
11.115498
11.118721
11.034796
11.097097
11.183173
11.115575
11.116738
11.129863
11.154343
11.088203
11.012611
11.024361
11.035494
11.043803
11.123052
11.179229
11.247407
11.322590
11.318394
11.321006
11.317198
11.322807
11.327416
11.256662
11.266887
11.206755
11.217781
11.220589
11.144018
11.146222
11.143616
11.223995
11.147824
11.134993
11.196924
11.264666
11.319582
11.372702
11.352867
11.354081
11.429861
11.504435
11.572191
11.560972
11.569795
11.576813
11.581023
11.580822
11.574208
11.576208
11.567380
11.570981
11.642939
11.635922
11.702663
11.764995
11.763994
11.759183
11.754773
11.838961
11.836355
11.913928
11.912525
11.920144
11.848389
11.854804
11.854595
11.930756
12.005717
12.000102
11.923330
11.934757
11.945381
11.940971
11.861794
11.784822
11.788230
11.719876
11.728897
11.737522
11.732717
11.734724
11.740939
11.738945
11.742963
11.817128
11.894299
11.969468
11.966662
11.888289
11.897311
11.903929
11.904537
11.985521
11.990331
11.913161
11.845010
11.772444
11.778050
11.775047
11.692868
11.610081
11.539520
11.546734
11.545129
11.542120
11.622095
11.624698
11.624095
11.547925
11.470753
11.394783
11.394956
11.324652
11.337134
11.278320
11.213354
11.151169
11.163276
11.076406
10.993719
10.914162
10.827137
10.825475
10.822969
10.812133
10.808180
10.728588
10.730856
10.737283
10.744100
10.741308
10.736081
10.826681
10.756074
10.761110
10.685297
10.608061
10.693063
10.767090
10.833691
10.820533
10.881706
10.866253
10.922542
10.977766
11.031395
11.083353
11.152862
11.234740
11.229287
11.319655
11.235973
11.324831
11.346071
11.359650
11.360327
11.374399
11.388298
11.401414
11.401874
11.408077
11.327411
11.326011
11.242517
11.314548
11.384798
11.370849
11.375234
11.389190
11.335543
11.273393
11.200150
11.208253
11.215933
11.218184
11.223834
11.221659
11.203436
11.267990
11.244755
11.312117
11.296900
11.360465
11.419825
11.486788
11.548330
11.607066
11.597851
11.600061
11.606880
11.617706
11.627528
11.640757
11.566393
11.498643
11.433097
11.436705
11.427084
11.482810
11.538936
11.615306
11.609092
11.529511
11.525694
11.524684
11.522677
11.537311
11.554550
11.493211
11.507039
11.434475
11.431267
11.436680
11.444497
11.443696
11.440489
11.504232
11.575993
11.643544
11.641539
11.647350
11.641738
11.643743
11.649355
11.651560
11.653964
11.581001
11.592426
11.606057
11.604453
11.599040
11.683628
11.686236
11.613271
11.623284
11.618262
11.612844
11.680797
11.601227
11.605042
11.612653
11.535859
11.455860
11.456648
11.467472
11.476093
11.408344
11.338590
11.328950
11.317475
11.401537
11.409587
11.417591
11.422525
11.358191
11.371540
11.307639
11.227655
11.158161
11.099686
11.019088
10.944432
10.950243
10.872966
10.790406
10.711172
10.715990
10.714586
10.721199
10.636050
10.631267
10.630444
10.553414
10.533254
10.445791
10.441278
10.509907
10.504055
10.487300
10.474420
10.453817
10.514833
10.507636
10.565738
10.557216
10.532694
10.606440
10.597574
10.580298
10.653407
10.650828
10.720260
10.718142
10.722590
10.805738
10.735518
10.808106
10.800072
10.876398
10.880393
10.956673
11.028949
11.033521
11.037508
11.109794
11.039268
11.108202
11.114347
11.033704
11.105303
11.022772
11.018131
10.997291
11.062677
11.136412
11.127553
11.201044
11.275957
11.274889
11.344478
11.347786
11.345871
11.341720
11.263555
11.258426
11.261613
11.336512
11.263792
11.334602
11.268439
11.190023
11.201800
11.203057
11.198553
11.266628
11.197205
11.262899
11.256624
11.255125
11.248389
11.317321
11.251008
11.243860
11.172878
11.169599
11.091798
11.103324
11.026582
11.019075
10.936925
10.991313
11.064979
11.055116
11.122489
11.041576
11.042065
11.040388
11.042499
11.032442
11.105323
11.096901
11.092396
11.019518
11.018919
11.019358
11.020276
11.017628
10.941736
10.941854
10.871599
10.874707
10.881607
10.878421
10.873685
10.874978
10.787885
10.857053
10.856944
10.850074
10.852002
10.770167
10.833865
10.755046
10.821043
10.739286
10.736718
10.661639
10.656449
10.655325
10.576431
10.642906
10.711445
10.627742
10.623618
10.543555
10.538612
10.536772
10.603107
10.661187
10.650865
10.631399
10.621118
10.560486
10.628464
10.630600
10.551362
10.474189
10.470906
10.475228
10.540127
10.469337
10.465774
10.465438
10.465284
10.528341
10.596347
10.596969
10.593892
10.595358
10.602112
10.534223
10.607146
10.600577
10.677469
10.684706
10.748369
10.688516
10.612964
10.669073
10.593488
10.646444
10.624230
10.599181
10.631930
10.611903
10.591557
10.622046
10.522368
10.480230
10.503849
10.517407
10.409278
10.424021
10.321830
10.268139
10.279338
10.225920
10.181062
10.129264
10.101104
10.026622
10.078941
10.038653
10.075430
10.074333
10.214089
10.290962
10.388276
10.488311
10.525701
10.695463
10.714102
10.710758
10.745081
10.807573
10.771966
10.769751
10.602287
10.391257
10.184092
9.974169
9.663281
9.373908
8.987260
8.593755
8.213894
7.933236
7.648234
7.474842
7.366121
7.290430
7.276568
7.301813
7.405728
7.545274
7.748857
7.982224
8.249412
8.538307
8.836127
9.147562
9.462491
9.781658
10.079726
10.353469
10.600310
10.856573
11.097642
11.279125
11.467887
11.580504
11.717261
11.828614
11.801303
11.759265
11.791887
11.741688
11.757915
11.768092
11.772081
11.774246
11.862129
11.871989
11.879644
11.803948
11.734719
11.747965
11.684661
11.621278
11.553522
11.572632
11.580124
11.589892
11.605775
11.619761
11.631841
11.640625
11.648755
11.658659
11.671750
11.597621
11.602445
11.691448
11.689450
11.605268
11.604466
11.528895
11.445506
11.446501
11.527277
11.445693
11.362908
11.290146
11.295759
11.292551
11.289549
11.359111
11.439894
11.526488
11.448915
11.456128
11.378348
11.377336
11.297151
11.295949
11.224786
11.149612
11.067228
10.984243
11.067828
11.067226
11.058406
11.056601
11.140585
11.220365
11.296740
11.369509
11.366910
11.363105
11.362907
11.445691
11.524262
11.596219
11.677601
11.591808
11.516840
11.440269
11.357084
11.353075
11.350670
11.349874
11.354693
11.361114
11.281737
11.275121
11.275923
11.278931
11.281720
11.209634
11.139675
11.078290
11.087325
11.015264
10.940900
10.879742
10.823175
10.756452
10.692442
10.760095
10.666878
10.580582
10.484799
10.385001
10.367833
10.338731
10.311731
10.289891
10.255198
10.142458
10.108386
9.983353
9.943063
9.910221
9.870083
9.822763
9.841139
9.864488
9.825150
9.784012
9.799294
9.825653
9.866380
9.910012
9.963592
10.020699
10.099868
10.171868
10.145750
10.249295
10.348479
10.457530
10.565379
10.678696
10.731296
10.775787
10.821495
10.878712
10.917542
10.956399
11.012936
11.052711
11.078105
11.184327
11.285937
11.306849
11.312546
11.403336
11.488435
11.496593
11.502184
11.489887
11.507951
11.503812
11.438365
11.351964
11.293591
11.303995
11.223805
11.144382
11.064319
10.985295
10.901147
10.877239
10.848107
10.817643
10.779075
10.754113
10.788515
10.723361
10.718544
10.702702
10.596202
10.431391
10.321902
10.159612
9.983158
9.861123
9.692967
9.532033
9.388058
9.240617
9.147462
9.075918
9.006790
8.932255
8.895831
8.867016
8.840694
8.823682
8.803013
8.756234
8.720083
8.685098
8.652902
8.624877
8.622290
8.568659
8.576233
8.552361
8.519873
8.464172
8.461498
8.408021
8.408743
8.390489
8.371224
8.384890
8.402084
8.424721
8.462894
8.498231
8.572064
8.664836
8.782574
8.897596
9.032800
9.157229
9.294560
9.438639
9.595085
9.752341
9.961104
10.173248
10.323267
10.442138
10.583721
10.684286
10.772391
10.844116
10.946998
11.054045
11.207048
11.288712
11.419185
11.469799
11.504490
11.533750
11.487532
11.434023
11.440571
11.461391
11.421544
11.368482
11.302422
11.239363
11.215713
11.163907
11.104896
11.072465
11.135734
11.140802
11.139880
11.215336
11.205019
11.286749
11.279349
11.260442
11.250234
11.250096
11.180897
11.118963
11.044874
10.962664
10.887690
10.817094
10.730323
10.711137
10.675485
10.583389
10.472080
10.418138
10.356097
10.298577
10.223522
10.132044
10.087739
10.032300
9.975674
9.803976
9.646437
9.537138
9.390232
9.303779
9.190366
9.137957
9.092111
9.015194
8.940174
8.870421
8.802983
8.749531
8.701346
8.681213
8.627690
8.591122
8.555443
8.557024
8.527855
8.494423
8.485332
8.471961
8.455696
8.435511
8.414737
8.367017
8.327723
8.298363
8.278644
8.265722
8.261651
8.289579
8.329726
8.356238
8.387779
8.438426
8.536830
8.656885
8.799989
8.958809
9.130068
9.324181
9.464576
9.632597
9.809905
10.015254
10.212816
10.369019
10.591103
10.702005
10.804035
10.956882
11.015518
11.060697
11.093347
11.103634
11.101079
11.157263
11.281254
11.255231
11.205681
11.152468
11.103872
11.053063
11.005352
10.949452
10.881991
10.811981
10.750018
10.690437
10.611499
10.574044
10.524238
10.494434
10.449447
10.376397
10.373660
10.293267
10.288652
10.273774
10.192082
10.189389
10.185674
10.177952
10.166936
10.160049
10.151487
10.069169
10.054363
10.049213
10.038199
10.031842
10.027966
10.007543
9.984003
9.964897
9.940768
9.989693
10.037964
10.017406
10.067313
10.127291
10.176654
10.232272
10.290136
10.350541
10.411443
10.478173
10.560949
10.645201
10.728802
10.815796
10.905503
10.998276
11.098347
11.192685
11.288669
11.378032
11.469186
11.557750
11.640279
11.651471
11.665133
11.754081
11.841132
11.851062
11.780193
11.790674
11.794782
11.801798
11.727827
11.733181
11.737784
11.662750
11.600366
11.536971
11.472456
11.392437
11.311259
11.323043
11.248660
11.180686
11.117146
11.041567
10.965472
10.889542
10.822782
10.751788
10.672839
10.672679
10.740392
10.737551
10.653236
10.582757
10.590581
10.588697
10.582689
10.582714
10.583387
10.587955
10.519437
10.441084
10.443538
10.443893
10.441716
10.441736
10.444767
10.448602
10.436929
10.508480
10.581938
10.570978
10.563865
10.632842
10.620751
10.613637
10.602095
10.603521
10.525170
10.447165
10.441000
10.436121
10.425855
10.414013
10.411621
10.331687
10.327665
10.249158
10.322146
10.320337
10.320154
10.320359
10.315802
10.393497
10.394111
10.465287
10.534965
10.535786
10.524286
10.513347
10.588780
10.657912
10.662922
10.733154
10.797351
10.868939
10.945748
11.022489
11.101930
11.181315
11.264472
11.265592
11.273034
11.274526
11.279228
11.351627
11.355262
11.280847
11.275969
11.279698
11.283760
11.360123
11.354880
11.353891
11.279982
11.205511
11.200866
11.130228
11.055850
10.985260
10.913549
10.835972
10.769477
10.701619
10.703620
10.694116
10.688535
10.676453
10.665574
10.651261
10.724212
10.786284
10.854671
10.923007
10.929187
10.993330
11.066108
11.146161
11.144506
11.214507
11.209597
11.222596
11.221189
11.294995
11.292462
11.294711
11.370623
11.449636
11.518357
11.593441
11.680065
11.761977
11.777789
11.798044
11.746901
11.693766
11.646103
11.594783
11.556607
11.497071
11.435216
11.449463
11.465500
11.472653
11.484432
11.480426
11.470075
11.545407
11.554509
11.560756
11.476979
11.554693
11.554462
11.553725
11.557722
11.482666
11.409412
11.334960
11.260912
11.180272
11.107069
11.101518
11.017253
11.082370
11.141031
11.203797
11.272541
11.334579
11.407549
11.477916
11.475482
11.393875
11.319534
11.251924
11.191447
11.138627
11.082237
11.004036
10.936203
10.953780
10.888276
10.822413
10.835773
10.757899
10.760036
10.762373
10.771120
10.767522
10.770574
10.769781
10.848043
10.843364
10.835046
10.751786
10.668984
10.663898
10.579004
10.572433
10.573191
10.562251
10.641684
10.716547
10.790820
10.865097
10.948991
11.016906
11.021549
11.104755
11.182388
11.258896
11.332658
11.405461
11.488978
11.502333
11.513771
11.511848
11.512113
11.496571
11.491567
11.481495
11.479914
11.401317
11.396258
11.468505
11.458387
11.522449
11.520733
11.521221
11.452046
11.456566
11.387176
11.318464
11.249179
11.169195
11.112374
11.139326
11.071908
10.996861
10.933302
10.867301
10.800448
10.721231
10.713960
10.700717
10.690269
10.765732
10.762189
10.824259
10.735305
10.722212
10.707784
10.777099
10.691487
10.613323
10.542032
10.460463
10.388916
10.400409
10.324233
10.404486
10.475754
10.549413
10.619269
10.692864
10.753293
10.751592
10.826395
10.821969
10.897104
10.977171
11.061989
11.141482
11.139872
11.215280
11.143724
11.156767
11.091943
11.095556
11.097854
11.100279
11.017043
11.007108
11.077853
11.145051
11.215333
11.276604
11.345164
11.420893
11.348286
11.287539
11.230155
11.167955
11.101379
11.037655
11.043828
10.979612
11.069872
10.999569
11.002360
10.921072
10.917144
10.916231
10.842719
10.910723
10.895019
10.959058
10.942837
11.000110
10.983676
10.973167
11.047467
11.038850
11.026543
11.012123
11.009819
10.999298
11.000174
11.084429
11.159223
11.228647
11.234625
11.316091
11.404432
11.493425
11.580164
11.582487
11.659740
11.672395
11.677236
11.605841
11.615760
11.613906
11.527468
11.517010
11.422848
11.415052
11.329412
11.398337
11.463001
11.444930
11.431443
11.429502
11.433862
11.434539
11.442542
11.450202
11.374278
11.318040
11.273785
11.304235
11.239931
11.176857
11.114309
11.055218
11.002285
10.937540
10.848912
10.844670
10.830836
10.800825
10.772377
10.748281
10.720064
10.681049
10.633137
10.582492
10.439529
10.299748
10.161808
10.015955
9.861873
9.708271
9.602158
9.492358
9.373604
9.280704
9.220571
9.162684
9.102166
9.061844
9.019228
8.951466
8.890281
8.866326
8.820053
8.807500
8.792280
8.775939
8.762601
8.756531
8.732186
8.753977
8.799814
8.868826
8.961346
9.080673
9.225292
9.389897
9.573010
9.768831
9.972650
10.149099
10.325422
10.436989
10.656643
10.762691
10.852431
10.925265
10.980254
11.039132
11.137338
11.216903
11.239339
11.310523
11.293312
11.254391
11.210096
11.163248
11.181920
11.188281
11.116947
11.035782
10.970608
10.975445
10.901712
10.822214
10.738920
10.653853
10.575163
10.574505
10.579352
10.576772
10.649574
10.643562
10.637284
10.711243
10.788185
10.857531
10.922519
10.983754
11.061939
11.125141
11.194718
11.269835
11.280019
11.360415
11.361975
11.291022
11.289245
11.364452
11.439153
11.508570
11.509194
11.512710
11.511982
11.593803
11.673989
11.750062
11.744362
11.740439
11.742171
11.739876
11.732937
11.809682
11.807624
11.732827
11.750742
11.680721
11.696950
11.621885
11.628494
11.552324
11.483018
11.562659
11.572331
11.650438
11.644837
11.646541
11.570384
11.499448
11.430024
11.358048
11.370723
11.378744
11.307113
11.233389
11.162130
11.094022
11.018452
11.020570
11.016107
11.016804
11.014415
10.934290
11.013260
10.931051
11.003550
10.996242
11.082905
11.088774
11.093792
11.099231
11.100165
11.095517
11.095462
11.097875
11.100890
11.100107
11.095882
11.082247
11.068488
11.045327
11.028928
11.092167
11.156160
11.217176
11.275147
11.344827
11.335458
11.333440
11.332820
11.332052
11.335852
11.339725
11.357998
11.312304
11.266612
11.202444
11.126018
11.137767
11.156003
11.087380
11.019134
10.946969
11.030211
11.105855
11.176371
11.259731
11.338325
11.412839
11.493026
11.563335
11.554559
11.548307
11.544365
11.545654
11.535644
11.528544
11.540315
11.537552
11.470938
11.477813
11.400965
11.390692
11.384457
11.381330
11.375791
11.382047
11.378162
11.447334
11.520806
11.593188
11.666038
11.663592
11.585902
11.591913
11.589378
11.507600
11.509044
11.436885
11.368292
11.291776
11.295298
11.291683
11.282934
11.284734
11.290890
11.202411
11.208877
11.277614
11.277074
11.281276
11.287552
11.284055
11.283291
11.290782
11.293052
11.291165
11.213022
11.142872
11.073062
11.006694
10.933951
10.940550
10.865134
10.783721
10.781892
10.700184
10.760170
10.748244
10.736837
10.722859
10.714586
10.706826
10.694182
10.681299
10.755329
10.746890
10.755378
10.823673
10.899428
10.984342
11.070917
11.076494
11.079533
11.085040
11.100995
11.122914
11.126807
11.134601
11.140739
11.134981
11.116549
11.089202
11.063820
11.041056
10.993617
10.872211
10.824823
10.776263
10.632959
10.483448
10.335197
10.181219
10.067016
9.938231
9.805047
9.667308
9.546293
9.385303
9.262284
9.111558
9.021292
8.978380
8.903781
8.863168
8.790473
8.730671
8.673876
8.652883
8.638729
8.625638
8.613554
8.613095
8.619234
8.659165
8.723586
8.815158
8.937216
9.077988
9.237743
9.410094
9.588926
9.742010
9.895700
10.069566
10.232615
10.399890
10.601374
10.759601
10.948163
11.138698
11.282287
11.461663
11.585057
11.741093
11.887928
12.020819
12.084386
12.138433
12.176502
12.203767
12.125516
12.061863
11.991163
11.923349
11.857618
11.781236
11.793752
11.797151
11.796946
11.802007
11.815923
11.833147
11.828935
11.833544
11.829923
11.755838
11.688891
11.703424
11.630417
11.625836
11.631207
11.630125
11.555031
11.479486
11.491910
11.492904
11.489486
11.486468
11.489669
11.575862
11.658849
11.739226
11.816996
11.894764
11.895364
11.816388
11.824804
11.748232
11.751238
11.671262
11.673273
11.602122
11.525957
11.450589
11.450188
11.528362
11.448397
11.530810
11.455294
11.373351
11.293988
11.294591
11.295192
11.293988
11.217416
11.135233
11.063274
10.991113
10.917549
10.840178
10.767617
10.702672
10.630711
10.642337
10.649350
10.565357
10.648935
10.647526
10.649328
10.576565
10.581775
10.585582
10.587984
10.589183
10.506398
10.583175
10.577368
10.650130
10.725497
10.797657
10.875230
10.948194
10.866211
10.865209
10.946590
11.024965
11.093120
11.162877
11.158668
11.154863
11.226628
11.225831
11.213204
11.282759
11.363939
11.287164
11.217206
11.221413
11.215599
11.214597
11.221211
11.225220
11.225420
11.227224
11.146444
11.149048
11.147040
11.148440
11.151847
11.151044
11.164870
11.243037
11.319002
11.237218
11.153833
11.159644
11.078063
11.161255
11.235223
11.224200
11.294958
11.371328
11.291951
11.208167
11.279933
11.268713
11.343881
11.341074
11.329443
11.324428
11.330039
11.346876
11.361709
11.367321
11.307185
11.254263
11.193125
11.134195
11.068450
10.991083
10.913921
10.914329
10.998520
11.074289
11.061862
11.133020
11.116183
11.106565
11.102760
11.104364
11.102155
11.178716
11.260290
11.255277
11.334454
11.254877
11.252273
11.331650
11.405011
11.468350
11.525076
11.509640
11.584203
11.564360
11.621092
11.681631
11.740563
11.805507
11.795484
11.792677
11.795685
11.715105
11.719113
11.647151
11.661583
11.597640
11.612873
11.623693
11.627494
11.558936
11.487579
11.409811
11.349877
11.294755
11.300969
11.304374
11.235618
11.176083
11.106129
11.038177
11.042186
10.964013
11.042789
11.037578
11.037581
11.041591
11.047001
11.123170
11.196935
11.188717
11.266493
11.268705
11.352896
11.344478
11.421848
11.412026
11.330040
11.330034
11.324021
11.398387
11.469345
11.529078
11.505426
11.582798
11.599034
11.603044
11.590821
11.591424
11.593026
11.601844
11.609060
11.540306
11.479171
11.406409
11.325630
11.321623
11.323428
11.326835
11.332245
11.325828
11.318007
11.306381
11.302575
11.309991
11.317198
11.400776
11.397166
11.477342
11.475735
11.400564
11.408779
11.410382
11.407977
11.466708
11.450071
11.444662
11.436450
11.429040
11.427638
11.438265
11.441477
11.435267
11.441684
11.448901
11.379747
11.312994
11.237416
11.157827
11.162626
11.172645
11.179862
11.106095
11.020701
11.019698
10.935712
10.935912
10.856532
10.860736
10.859530
10.857124
10.929485
10.925877
10.927478
11.012059
11.010253
11.010455
11.091645
11.160208
11.142374
11.130351
11.132959
11.133564
11.133967
11.140181
11.143390
11.146404
11.148819
11.078471
11.003701
10.934140
10.936343
11.013515
11.009105
11.095695
11.023735
11.024542
10.948584
10.950395
10.946590
10.947392
10.944988
10.944588
10.941384
11.016151
11.091118
11.084504
11.005527
11.086909
11.093723
11.087308
11.075882
11.146638
11.208976
11.271117
11.347289
11.424061
11.492413
11.553150
11.616292
11.697673
11.700076
11.631522
11.545129
11.541320
11.540919
11.619695
11.637135
11.572192
11.505039
11.440489
11.371734
11.292762
11.228822
11.173099
11.119581
11.137424
11.070076
11.074084
11.074081
11.075681
11.081291
11.088506
11.093918
11.094116
11.086895
11.076871
11.087295
11.097518
11.026961
10.947583
10.942371
10.941969
11.017537
11.105132
11.020944
11.083681
11.152426
11.219977
11.276913
11.333847
11.410419
11.474961
11.533291
11.581799
11.634916
11.699060
11.769614
11.770209
11.774814
11.689822
11.689421
11.611245
11.539851
11.475741
11.416563
11.358303
11.294523
11.289119
11.299959
11.309526
11.311670
11.228560
11.136275
11.132607
11.034991
10.920700
10.811240
10.700861
10.585079
10.449252
10.308446
10.166187
10.025375
9.929338
9.768408
9.604102
9.510696
9.415283
9.380169
9.266193
9.218372
9.167214
9.116042
9.078653
9.031419
8.958859
8.934155
8.876515
8.824811
8.783818
8.741948
8.727388
8.686840
8.688448
8.711873
8.756629
8.824212
8.869991
8.983045
9.114144
9.257570
9.420361
9.552709
9.670613
9.856073
10.053705
10.183380
10.267464
10.426537
10.503319
10.567696
10.703985
10.744337
10.854336
11.006079
11.079210
11.216899
11.336631
11.377349
11.427381
11.385606
11.490761
11.442195
11.469554
11.404020
11.336684
11.345928
11.275151
11.278174
11.275584
11.260442
11.267626
11.342529
11.341784
11.326847
11.393518
11.463597
11.380494
11.456912
11.455303
11.455882
11.530047
11.524226
11.519992
11.533195
11.531951
11.545702
11.616352
11.681795
11.756652
11.667747
11.749386
11.745836
11.820045
11.889240
11.968642
12.046423
11.974262
11.900297
11.914934
11.917745
11.847188
11.779438
11.709689
11.645351
11.579604
11.581610
11.581810
11.659986
11.658788
11.662002
11.670022
11.674030
11.590847
11.512074
11.428088
11.368153
11.295188
11.225231
11.233850
11.152668
11.150263
11.152668
11.162290
11.085317
11.005535
11.002926
11.003127
10.998317
10.998717
10.994909
10.988494
11.068072
11.149854
11.221013
11.303597
11.306002
11.229631
11.228828
11.226823
11.219005
11.216801
11.293372
11.293170
11.299580
11.367322
11.358099
11.429260
11.503027
11.582201
11.586808
11.588011
11.588212
11.658569
11.731734
11.726324
11.809506
11.809103
11.810706
11.891483
11.968449
11.973255
11.889066
11.816304
11.731314
11.733319
11.812496
11.812094
11.732918
11.659955
11.582983
11.592803
11.672981
11.751363
11.752583
11.756202
11.676627
11.596444
11.513455
11.511448
11.511047
11.515656
11.443893
11.366919
11.369925
11.286138
11.288945
11.292352
11.297965
11.223602
11.228215
11.235829
11.235211
11.234586
11.152789
11.072804
11.076613
11.076616
11.162407
11.167204
11.166962
11.091957
11.008947
10.926747
11.007113
11.087486
11.165055
11.243830
11.246640
11.247444
11.161051
11.236019
11.235618
11.316596
11.320201
11.324408
11.241623
11.240821
11.313985
11.305770
11.377742
11.376974
11.463415
11.466457
11.547845
11.462651
11.542018
11.536004
11.616183
11.612990
11.687774
11.764956
11.841531
11.758144
11.681571
11.600994
11.523826
11.440844
11.440042
11.439039
11.363067
11.448453
11.370879
11.370079
11.284689
11.286493
11.206314
11.127136
11.048156
10.971381
11.056367
11.053157
11.133137
11.135362
11.139200
11.148248
11.074492
11.074493
10.993912
10.994711
10.920941
10.849975
10.859183
10.866947
10.880372
10.895683
10.899877
10.831739
10.848507
10.856623
10.779428
10.768639
10.770627
10.773395
10.764489
10.745056
10.731045
10.720256
10.699275
10.597908
10.509501
10.420256
10.334782
10.332654
10.251945
10.268319
10.205119
10.218323
10.152669
10.162116
10.168923
10.247700
10.323586
10.391939
10.452757
10.449512
10.440062
10.493441
10.543423
10.593957
10.649065
10.704134
10.752258
10.734204
10.810638
10.804600
10.873849
10.881130
10.968534
10.978133
11.069736
11.078884
11.164792
11.248993
11.315141
11.389007
11.467072
11.552763
11.626951
11.711772
11.718573
11.652236
11.587307
11.517201
11.522023
11.517803
11.442945
11.378472
11.308888
11.247652
11.177527
11.110485
11.193029
11.189170
11.270651
11.267371
11.347241
11.337913
11.409125
11.406351
11.482929
11.484544
11.408584
11.337033
11.344258
11.350280
11.342869
11.270111
11.189334
11.111763
11.184727
11.259496
11.342080
11.412836
11.413035
11.494820
11.487007
11.565385
11.639550
11.708706
11.780467
11.699086
11.706905
11.626326
11.632338
11.630935
11.639955
11.647571
11.649172
11.653182
11.652180
11.737571
11.815746
11.734364
11.741180
11.669623
11.751608
11.749002
11.824571
11.751206
11.683854
11.609285
11.555763
11.574806
11.507857
11.511665
11.436297
11.364939
11.290975
11.294182
11.372156
11.357924
11.429685
11.431292
11.431294
11.360336
11.277148
11.272737
11.271335
11.276747
11.269330
11.274141
11.348507
11.336079
11.406236
11.406036
11.485214
11.411049
11.490226
11.487019
11.483809
11.462959
11.461748
11.460737
11.463138
11.465341
11.463336
11.460731
11.459728
11.458325
11.463938
11.392979
11.387966
11.384358
11.451710
11.525479
11.449315
11.374551
11.380565
11.303192
11.296979
11.224217
11.150052
11.165689
11.091126
11.012153
11.087723
11.079305
11.144851
11.227035
11.306411
11.287167
11.353714
11.421862
11.490008
11.569383
11.649760
11.574185
11.579579
11.576959
11.651324
11.654934
11.586180
11.519031
11.459043
11.463417
11.476438
11.408051
11.419877
11.353253
11.362390
11.381349
11.299675
11.290961
11.276247
11.183602
11.083612
10.978189
10.847579
10.724799
10.676910
10.536847
10.392549
10.247765
10.146030
9.984423
9.938965
9.812609
9.684023
9.563929
9.415475
9.343547
9.338995
9.368807
9.431144
9.450614
9.487209
9.616978
9.697928
9.787196
9.874400
9.980540
10.095804
10.270441
10.356996
10.519939
10.674630
10.736702
10.783850
10.809904
10.891058
10.877549
10.907855
10.772532
10.751206
10.573131
10.447884
10.313894
10.130637
10.060399
9.951163
9.832368
9.669881
9.515803
9.433108
9.388559
9.287250
9.205133
9.159644
9.117570
9.073767
9.033590
8.964920
8.936682
8.846758
8.763698
8.722086
8.705783
8.689217
8.642754
8.611242
8.577216
8.560273
8.531595
8.549188
8.599925
8.693737
8.800736
8.901919
9.049610
9.245416
9.434600
9.633789
9.823043
9.968932
10.104044
10.265132
10.343896
10.383194
10.389662
10.403333
10.369562
10.224228
10.109426
9.959235
9.821179
9.599619
9.384737
9.191502
9.095728
8.970482
8.953746
8.974661
9.030272
9.021176
9.039644
9.119486
9.218016
9.331401
9.424805
9.550668
9.677772
9.884571
10.017016
10.140279
10.252307
10.365958
10.467440
10.540911
10.613037
10.651667
10.724506
10.798787
10.785425
10.801558
10.735415
10.746084
10.690271
10.693784
10.693252
10.620053
10.619726
10.546929
10.543891
10.542210
10.612334
10.611007
10.691121
10.767193
10.774079
10.786256
10.708937
10.710735
10.789381
10.792612
10.786670
10.849307
10.856232
10.780497
10.782576
10.710563
10.706205
10.777270
10.776030
10.838695
10.850649
10.929978
10.869185
10.876823
10.965971
10.972977
11.072661
11.008226
11.228989
11.067647
11.314205
11.103244
11.551954
11.373317
11.716078
11.613093
11.906018
11.925735
12.122254
12.093216
12.106389
12.015110
12.082151
12.282132
12.223842
12.241061
12.174708
12.141778
12.243483
12.238304
12.224643
12.202582
11.639491
10.833433
10.533103
