0.009987
0.009987
0.009652
0.000743
-0.010699
-0.020296
-0.023658
-0.020842
-0.015806
-0.010943
-0.006884
-0.002709
0.001810
0.006388
0.009471
0.008997
0.006775
0.006283
0.007246
0.007035
0.008029
0.008220
0.005425
0.003128
0.002905
0.004917
0.005833
0.005064
0.005064
0.005345
0.002207
-0.004557
-0.013346
-0.026602
-0.049837
-0.084940
-0.125848
-0.169607
-0.216096
-0.264354
-0.314623
-0.371759
-0.433415
-0.495504
-0.560811
-0.626893
-0.701181
-0.783277
-0.854704
-0.916184
-0.986834
-1.066236
-1.140052
-1.201466
-1.247924
-1.279640
-1.301496
-1.319027
-1.338426
-1.360711
-1.384449
-1.407086
-1.424048
-1.438170
-1.450643
-1.461579
-1.470771
-1.477069
-1.484140
-1.492411
-1.499373
-1.506815
-1.513812
-1.517610
-1.520731
-1.523313
-1.526236
-1.529673
-1.533798
-1.538592
-1.541570
-1.543600
-1.545897
-1.548136
-1.548814
-1.549398
-1.550472
-1.550928
-1.551511
-1.551105
-1.550722
-1.552950
-1.555647
-1.556714
-1.556424
-1.557048
-1.557997
-1.556853
-1.555804
-1.554631
-1.552194
-1.550869
-1.550473
-1.551323
-1.552743
-1.553715
-1.554485
-1.555617
-1.556785
-1.557659
-1.558015
-1.558576
-1.559731
-1.561343
-1.560564
-1.557941
-1.557823
-1.558588
-1.559786
-1.560943
-1.560534
-1.559264
-1.558372
-1.558300
-1.559237
-1.560868
-1.562835
-1.564211
-1.564171
-1.563040
-1.561524
-1.560137
-1.559041
-1.559983
-1.561890
-1.561464
-1.558925
-1.558430
-1.561536
-1.563523
-1.560675
-1.556033
-1.553718
-1.554282
-1.556309
-1.556701
-1.553510
-1.553815
-1.558504
-1.560440
-1.560350
-1.559958
-1.559794
-1.558734
-1.557384
-1.557155
-1.559198
-1.563549
-1.566633
-1.566036
-1.564901
-1.562865
-1.558616
-1.557878
-1.560083
-1.561341
-1.561285
-1.561987
-1.562862
-1.562698
-1.562828
-1.563040
-1.563178
-1.563324
-1.563633
-1.564363
-1.565271
-1.565469
-1.564417
-1.562477
-1.561977
-1.563280
-1.564776
-1.565621
-1.564681
-1.562410
-1.561398
-1.562469
-1.565209
-1.568372
-1.568468
-1.564341
-1.559547
-1.558103
-1.558567
-1.559318
-1.560234
-1.559679
-1.558863
-1.559462
-1.560588
-1.561563
-1.562475
-1.561083
-1.550889
-1.532711
-1.509611
-1.480064
-1.447832
-1.416322
-1.385255
-1.355842
-1.331890
-1.315921
-1.306226
-1.300638
-1.300428
-1.306700
-1.318965
-1.335749
-1.354464
-1.374664
-1.395142
-1.412221
-1.424804
-1.436757
-1.447564
-1.456681
-1.467674
-1.479548
-1.490456
-1.499017
-1.505059
-1.511052
-1.518489
-1.525352
-1.530384
-1.535091
-1.539063
-1.540789
-1.542244
-1.544850
-1.546450
-1.547976
-1.549662
-1.549267
-1.546951
-1.546900
-1.550991
-1.554862
-1.555294
-1.554223
-1.554731
-1.555723
-1.557491
-1.560012
-1.562091
-1.563365
-1.563189
-1.561693
-1.560259
-1.558546
-1.557316
-1.559432
-1.561958
-1.561463
-1.559312
-1.558117
-1.559426
-1.562107
-1.563951
-1.563710
-1.561846
-1.560465
-1.561063
-1.562129
-1.561840
-1.560462
-1.559656
-1.558956
-1.557732
-1.558792
-1.559735
-1.560635
-1.561074
-1.559637
-1.559075
-1.559432
-1.560483
-1.561365
-1.561359
-1.560389
-1.559595
-1.559916
-1.562019
-1.565474
-1.567714
-1.567570
-1.565186
-1.562575
-1.560082
-1.557823
-1.557247
-1.557639
-1.559457
-1.560560
-1.560534
-1.561551
-1.562675
-1.563167
-1.562848
-1.561392
-1.559177
-1.558148
-1.560182
-1.562464
-1.563016
-1.563418
-1.563570
-1.563407
-1.563451
-1.563802
-1.564255
-1.565083
-1.565261
-1.566945
-1.569119
-1.569316
-1.569607
-1.568958
-1.567230
-1.564539
-1.564690
-1.570884
-1.576578
-1.577030
-1.574214
-1.568998
-1.565105
-1.565240
-1.570740
-1.579470
-1.586669
-1.593758
-1.601215
-1.606398
-1.613144
-1.621931
-1.629377
-1.636209
-1.643076
-1.651850
-1.662924
-1.678341
-1.697083
-1.714310
-1.729368
-1.744239
-1.758732
-1.773986
-1.788617
-1.804541
-1.826048
-1.851491
-1.876191
-1.897383
-1.920089
-1.942430
-1.961623
-1.984017
-2.007868
-2.029425
-2.052412
-2.073704
-2.093206
-2.112927
-2.134955
-2.158854
-2.180927
-2.203543
-2.222017
-2.236072
-2.253271
-2.272769
-2.294539
-2.317510
-2.338343
-2.360407
-2.380595
-2.399964
-2.420228
-2.441438
-2.463028
-2.484105
-2.505549
-2.524755
-2.542735
-2.565356
-2.591153
-2.619228
-2.647986
-2.673353
-2.700189
-2.724368
-2.744225
-2.766460
-2.789695
-2.810946
-2.831964
-2.852858
-2.872659
-2.893170
-2.915231
-2.937329
-2.958846
-2.979806
-3.002422
-3.025772
-3.048690
-3.072407
-3.094563
-3.118731
-3.145702
-3.172628
-3.200586
-3.224612
-3.250451
-3.281889
-3.309922
-3.337870
-3.364282
-3.386647
-3.407281
-3.427756
-3.451115
-3.479716
-3.509779
-3.539933
-3.570276
-3.599218
-3.627001
-3.658678
-3.693510
-3.727422
-3.760937
-3.786433
-3.807917
-3.828048
-3.848150
-3.871154
-3.898953
-3.928001
-3.958828
-3.991616
-4.017415
-4.038874
-4.064752
-4.093857
-4.125645
-4.156067
-4.180557
-4.205640
-4.232206
-4.258114
-4.284550
-4.309704
-4.337190
-4.367668
-4.399438
-4.437964
-4.475440
-4.503086
-4.528961
-4.557714
-4.590387
-4.623763
-4.655353
-4.684235
-4.709047
-4.735271
-4.763584
-4.797958
-4.833682
-4.868625
-4.905191
-4.937692
-4.968666
-5.001156
-5.032145
-5.064676
-5.106909
-5.153342
-5.191232
-5.226004
-5.260021
-5.289890
-5.324450
-5.360583
-5.392996
-5.425605
-5.457724
-5.492981
-5.537777
-5.580876
-5.614309
-5.647588
-5.680570
-5.715934
-5.755972
-5.790270
-5.822036
-5.852769
-5.885107
-5.919627
-5.955536
-5.991978
-6.027758
-6.064960
-6.108125
-6.156687
-6.202753
-6.255818
-6.307036
-6.356094
-6.408473
-6.465399
-6.528664
-6.584447
-6.635394
-6.696476
-6.758854
-6.820398
-6.885154
-6.947079
-7.004059
-7.064088
-7.126554
-7.190847
-7.263735
-7.337033
-7.401268
-7.455524
-7.494976
-7.510936
-7.508598
-7.494195
-7.472773
-7.446139
-7.414171
-7.372613
-7.315041
-7.249158
-7.182336
-7.097550
-7.005909
-6.919174
-6.820947
-6.698594
-6.563578
-6.432668
-6.313345
-6.197507
-6.055197
-5.906707
-5.752155
-5.596769
-5.465632
-5.343296
-5.240342
-5.169798
-5.127219
-5.100245
-5.074250
-5.044771
-5.014738
-4.985754
-4.956409
-4.928221
-4.902314
-4.876125
-4.851621
-4.832206
-4.816548
-4.802015
-4.788177
-4.776560
-4.767822
-4.760405
-4.752884
-4.744380
-4.736034
-4.729618
-4.725398
-4.721923
-4.717248
-4.711509
-4.708400
-4.708904
-4.708567
-4.707409
-4.707359
-4.706395
-4.702773
-4.700206
-4.701222
-4.702670
-4.702206
-4.701023
-4.701473
-4.705094
-4.707357
-4.705062
-4.702060
-4.700637
-4.700613
-4.700673
-4.700821
-4.701317
-4.701386
-4.701817
-4.702135
-4.701602
-4.701011
-4.700981
-4.701153
-4.701290
-4.700987
-4.699312
-4.696788
-4.694801
-4.694353
-4.694886
-4.696308
-4.697305
-4.698464
-4.700201
-4.701189
-4.701977
-4.702473
-4.702807
-4.702859
-4.701166
-4.700524
-4.703651
-4.706547
-4.707285
-4.706539
-4.701915
-4.695750
-4.694693
-4.697899
-4.700958
-4.702614
-4.702886
-4.700858
-4.697563
-4.696547
-4.698650
-4.700481
-4.700310
-4.699081
-4.698965
-4.701151
-4.704211
-4.705944
-4.704982
-4.701052
-4.698123
-4.698460
-4.699679
-4.700333
-4.700016
-4.699540
-4.698721
-4.697999
-4.698725
-4.701645
-4.705386
-4.706281
-4.701446
-4.690759
-4.673288
-4.650965
-4.628273
-4.605728
-4.582197
-4.555699
-4.524230
-4.487948
-4.449453
-4.410156
-4.365830
-4.313807
-4.260336
-4.210547
-4.164097
-4.120237
-4.077471
-4.032664
-3.984433
-3.933909
-3.883579
-3.834647
-3.785938
-3.735771
-3.682206
-3.626317
-3.573805
-3.517969
-3.455137
-3.398998
-3.350581
-3.301551
-3.255669
-3.218781
-3.187358
-3.160457
-3.138685
-3.117090
-3.093313
-3.074715
-3.062105
-3.051141
-3.041573
-3.030557
-3.018824
-3.009009
-2.995334
-2.980206
-2.974307
-2.978691
-2.984147
-2.983199
-2.976943
-2.968891
-2.961837
-2.958466
-2.959379
-2.961661
-2.963555
-2.961655
-2.957577
-2.955605
-2.955078
-2.949357
-2.931999
-2.909277
-2.886900
-2.862828
-2.834743
-2.801548
-2.761297
-2.707388
-2.648244
-2.593776
-2.538967
-2.481922
-2.425430
-2.370873
-2.314852
-2.249690
-2.176552
-2.088669
-1.985726
-1.887468
-1.806543
-1.726926
-1.647095
-1.575774
-1.494374
-1.411827
-1.337049
-1.263608
-1.192357
-1.111716
-1.027394
-0.946884
-0.862635
-0.767993
-0.667569
-0.573287
-0.482463
-0.392298
-0.307956
-0.229622
-0.150089
-0.069610
0.012296
0.107702
0.204415
0.298615
0.398666
0.498647
0.588927
0.678207
0.766509
0.852713
0.939610
1.025897
1.116627
1.199540
1.277229
1.346946
1.402963
1.445141
1.477620
1.504480
1.527450
1.548329
1.569042
1.615690
1.676444
1.686282
1.661839
1.658371
1.669561
1.675858
1.679738
1.686393
1.692171
1.695853
1.699305
1.702863
1.707520
1.712857
1.718717
1.724087
1.727991
1.731374
1.736546
1.744647
1.751277
1.760233
1.766775
1.765114
1.762868
1.761729
1.760388
1.758983
1.758996
1.758270
1.756465
1.755397
1.756352
1.757993
1.758963
1.761020
1.767756
1.781046
1.801432
1.827395
1.855232
1.884854
1.917761
1.957233
2.006520
2.062776
2.121587
2.182483
2.242538
2.297351
2.351261
2.409328
2.470804
2.532469
2.597502
2.674199
2.758117
2.849116
2.941119
3.023012
3.093441
3.158698
3.234019
3.310597
3.387196
3.485294
3.592102
3.688887
3.770769
3.843016
3.918476
3.997040
4.075524
4.153267
4.241042
4.328843
4.404983
4.478405
4.566786
4.664221
4.757800
4.865324
4.980839
5.090277
5.194565
5.291803
5.382599
5.471421
5.561850
5.643401
5.713865
5.792267
5.878154
5.958242
6.027465
6.084711
6.129949
6.166193
6.195094
6.217048
6.236835
6.257094
6.294128
6.357208
6.381711
6.345559
6.329175
6.345043
6.357832
6.364236
6.367582
6.371170
6.378065
6.387674
6.397036
6.405623
6.411140
6.412855
6.413155
6.419236
6.433053
6.451455
6.469973
6.485742
6.500919
6.518480
6.540563
6.566436
6.592928
6.616866
6.637011
6.657515
6.682253
6.710250
6.739552
6.768129
6.793587
6.814938
6.834994
6.857776
6.883969
6.912549
6.941873
6.968925
6.995020
7.027852
7.069246
7.111439
7.149477
7.183860
7.216839
7.251716
7.291231
7.333888
7.375341
7.416092
7.457346
7.495962
7.533102
7.568374
7.596444
7.622904
7.651588
7.679831
7.706485
7.728114
7.744057
7.756845
7.769892
7.783415
7.795930
7.804977
7.809448
7.811733
7.814818
7.820864
7.826817
7.828590
7.829112
7.831550
7.835454
7.840209
7.845398
7.852632
7.862200
7.869234
7.872083
7.877804
7.889713
7.901949
7.912913
7.924123
7.939984
7.963942
7.987210
8.005329
8.022465
8.039776
8.058272
8.077170
8.096854
8.115102
8.131903
8.150858
8.171579
8.195080
8.221793
8.248325
8.270637
8.289055
8.307978
8.329747
8.351864
8.375611
8.401561
8.426125
8.448592
8.470869
8.490133
8.508854
8.529668
8.549181
8.567694
8.586549
8.607930
8.633275
8.660625
8.687156
8.710998
8.734997
8.762034
8.790034
8.814474
8.835141
8.859433
8.885245
8.909563
8.934427
8.958244
8.980330
9.000221
9.020100
9.042241
9.065622
9.090647
9.116101
9.138916
9.159060
9.179104
9.204699
9.232550
9.256922
9.278816
9.299212
9.324404
9.353636
9.386064
9.419568
3.164085
3.189155
3.214512
3.238345
3.259239
3.278276
3.297647
3.317611
3.338738
3.362035
3.385441
3.408032
3.431161
3.457110
3.482741
3.505987
3.530388
3.554572
3.579590
3.608438
3.639355
3.667101
3.687837
3.704971
3.725937
3.752131
3.776112
3.797726
3.820216
3.846018
3.872462
3.895295
3.917115
3.939268
3.963714
3.990949
4.018745
4.049023
4.080747
4.109577
4.135831
4.161104
4.186937
4.213735
4.239229
4.261316
4.281637
4.303944
4.328080
4.352482
4.376936
4.397653
4.417755
4.440571
4.463051
4.485198
4.507107
4.523757
4.536013
4.547294
4.557157
4.565098
4.569599
4.568547
4.561799
4.555404
4.549562
4.540781
4.531087
4.520252
4.510548
4.504043
4.501063
4.501747
4.503461
4.504828
4.505930
4.508693
4.515601
4.527024
4.540934
4.553907
4.566058
4.578218
4.591755
4.608409
4.625034
4.642715
4.659143
4.672084
4.685637
4.701898
4.720167
4.739290
4.758164
4.775655
4.792654
4.808241
4.821793
4.834386
4.844704
4.851636
4.855593
4.856486
4.856334
4.852314
4.843645
4.835123
4.826257
4.816078
4.805046
4.794470
4.784234
4.773222
4.762119
4.751246
4.740296
4.729370
4.717006
4.701974
4.684427
4.665270
4.646081
4.626578
4.609374
4.591886
4.572221
4.557705
4.547241
4.540392
4.537166
4.534664
4.534148
4.537429
4.545885
4.556468
4.564691
4.570796
4.580367
4.595655
4.612148
4.625128
4.635311
4.645898
4.661219
4.680874
4.697962
4.714893
4.734932
4.754050
4.770217
4.784289
4.802265
4.821052
4.836211
4.849610
4.861161
4.872012
4.881433
4.886858
4.885697
4.880247
4.872781
4.864452
4.854823
4.844493
4.833609
4.822352
4.812487
4.801305
4.786470
4.770275
4.756471
4.744548
4.731193
4.716544
4.701949
4.687871
4.672644
4.655271
4.634333
4.613607
4.596808
4.581302
4.567833
4.559270
4.555373
4.552163
4.551058
4.550978
4.551300
4.552860
4.553987
4.556092
4.560416
4.567800
4.578070
4.587215
4.591973
4.600007
4.614173
4.630150
4.645257
4.657241
4.669811
4.683782
4.704555
4.728630
4.750002
4.771558
4.790496
4.811777
4.835752
4.855228
4.868431
4.878034
4.885728
4.891712
4.898108
4.900824
4.894806
4.884917
4.874268
4.864526
4.854210
4.839936
4.824699
4.811320
4.799784
4.786710
4.772268
4.756428
4.739454
4.721269
4.704304
4.689764
4.671219
4.651481
4.632332
4.614006
4.596203
4.579168
4.564209
4.549904
4.540037
4.535423
4.533577
4.532732
4.533616
4.535405
4.539459
4.545781
4.550673
4.556219
4.567626
4.582749
4.597581
4.612571
4.628952
4.649616
4.673172
4.693994
4.711293
4.728893
4.748255
4.769500
4.791305
4.811707
4.829835
4.845219
4.859414
4.873157
4.885020
4.893991
4.898635
4.898504
4.893837
4.886971
4.880019
4.873913
4.865686
4.854982
4.841570
4.824108
4.805626
4.785043
4.758184
4.720485
4.673373
4.614720
4.550371
4.492342
4.440929
4.392789
4.342722
4.288457
4.228149
4.161499
4.093155
4.025444
3.956659
3.885673
3.813091
3.740505
3.667250
3.583085
3.488424
3.396814
3.318005
3.237769
3.144864
3.052143
2.964371
2.876297
2.792322
2.715101
2.630713
2.548181
2.462779
2.364893
2.268837
2.177102
2.090773
2.021817
1.968713
1.927416
1.902969
1.888545
1.878381
1.872611
1.869594
1.864239
1.857315
1.852719
1.850730
1.850589
1.849743
1.843817
1.835474
1.828009
1.818513
1.808509
1.798889
1.789692
1.780311
1.767246
1.750319
1.730807
1.711852
1.695115
1.680088
1.662526
1.643471
1.626850
1.610216
1.595326
1.578400
1.560428
1.546240
1.530833
1.514081
1.498186
1.480726
1.462943
1.446312
1.431390
1.420278
1.413030
1.407392
1.401971
1.399064
1.399636
1.404079
1.410228
1.418026
1.428241
1.441011
1.456979
1.474784
1.488531
1.495953
1.500657
1.504229
1.508718
1.516253
1.524634
1.528307
1.528347
1.529655
1.532708
1.535833
1.538941
1.540443
1.539593
1.539294
1.542339
1.547406
1.550594
1.550647
1.548739
1.545949
1.542609
1.539204
1.537575
1.537230
1.537944
1.538827
1.536830
1.529544
1.519535
1.511072
1.502254
1.491666
1.478641
1.463621
1.449853
1.438226
1.426834
1.414052
1.400188
1.387740
1.378954
1.374184
1.372718
1.373780
1.376382
1.379700
1.383256
1.387164
1.395119
1.406840
1.419716
1.434564
1.449494
1.462553
1.476228
1.492684
1.509559
1.525352
1.541005
1.555671
1.571237
1.588716
1.605803
1.623165
1.640217
1.658350
1.677417
1.694247
1.708255
1.719242
1.726720
1.730246
1.731683
1.731269
1.727555
1.720339
1.712605
1.706018
1.697146
1.685580
1.673555
1.663169
1.654469
1.646469
1.638750
1.630805
1.623097
1.616382
1.610608
1.604521
1.597353
1.589845
1.583962
1.580557
1.578686
1.577521
1.575619
1.572951
1.569583
1.566226
1.564113
1.562923
1.561629
1.559835
1.558088
1.558136
1.557748
1.557112
1.558737
1.560815
1.563012
1.564782
1.567633
1.573568
1.583954
1.598967
1.615004
1.631398
1.648662
1.664701
1.682595
1.701007
1.716556
1.729044
1.738695
1.746246
1.750863
1.754156
1.755162
1.751903
1.743583
1.733218
1.725553
1.716917
1.705596
1.693856
1.681521
1.669518
1.657057
1.642695
1.628325
1.613950
1.599282
1.584746
1.569686
1.553807
1.536206
1.516709
1.494977
1.472359
1.447616
1.424896
1.408031
1.393667
1.383550
1.378876
1.378270
1.380073
1.382989
1.385392
1.387811
1.394050
1.406871
1.423774
1.439689
1.455352
1.475119
1.500881
1.531593
1.565840
1.604059
1.645699
1.688716
1.735496
1.792325
1.854982
1.915004
1.973842
2.033528
2.094263
2.157123
2.225844
2.300863
2.377715
2.456083
2.538065
2.631721
2.729386
2.818886
2.905025
2.989503
3.065330
3.143788
3.226682
3.305052
3.392826
3.477919
3.563745
3.652180
3.732269
3.812217
3.902290
4.005470
4.109252
4.206766
4.290903
4.353924
4.394450
4.419580
4.437862
4.454633
4.475971
4.502951
4.528523
4.549519
4.567637
4.585347
4.602567
4.617603
4.629144
4.636834
4.643537
4.651331
4.661597
4.671573
4.677907
4.682028
4.686642
4.693593
4.699377
4.701629
4.702182
4.703082
4.704125
4.705172
4.707434
4.709626
4.709822
4.708695
4.708325
4.709505
4.711200
4.711943
4.711708
4.710566
4.709580
4.710322
4.712436
4.714749
4.715496
4.713172
4.708570
4.704611
4.703419
4.706116
4.712111
4.717607
4.719941
4.720019
4.720340
4.721909
4.722634
4.721634
4.719461
4.717414
4.717750
4.719381
4.721019
4.721338
4.720677
4.720377
4.720129
4.720301
4.720873
4.720651
4.719176
4.718516
4.718967
4.719908
4.721900
4.724064
4.723199
4.720401
4.720007
4.719875
4.718972
4.719008
4.718256
4.717688
4.718821
4.720531
4.720246
4.719390
4.720922
4.721817
4.721181
4.720485
4.718684
4.716167
4.714268
4.713526
4.714038
4.715659
4.716466
4.715996
4.715543
4.714241
4.713802
4.714495
4.715674
4.716166
4.714891
4.713803
4.713682
4.715152
4.715823
4.714963
4.715043
4.713673
4.712564
4.714511
4.718273
4.720582
4.719659
4.717485
4.715049
4.713691
4.714621
4.718179
4.720177
4.719741
4.719242
4.718192
4.715808
4.714176
4.713903
4.713713
4.714191
4.714201
4.713011
4.711599
4.711619
4.712865
4.712995
4.710647
4.708967
4.710335
4.712113
4.715040
4.718088
4.717343
4.714678
4.712644
4.712422
4.714102
4.715722
4.715817
4.715629
4.715374
4.716143
4.718286
4.719059
4.719555
4.719132
4.717267
4.716471
4.715792
4.716330
4.718478
4.720689
4.719969
4.715966
4.714232
4.715356
4.716268
4.716806
4.717483
4.717047
4.715789
4.714842
4.715347
4.716923
4.717148
4.715310
4.712070
4.709662
4.710085
4.713497
4.716881
4.717087
4.714928
4.712498
4.711144
4.711300
4.713816
4.718022
4.719624
4.716818
4.714169
4.713558
4.714261
4.716375
4.717665
4.716869
4.714791
4.712605
4.711505
4.711265
4.712300
4.715026
4.717735
4.719645
4.720644
4.720883
4.719320
4.717931
4.717236
4.715985
4.716981
4.719160
4.721379
4.722637
4.721681
4.720064
4.718043
4.716389
4.715902
4.715740
4.715959
4.715385
4.714434
4.714595
4.715893
4.717984
4.719323
4.716928
4.713460
4.712586
4.713471
4.717491
4.722561
4.723500
4.721169
4.719002
4.717538
4.717151
4.718630
4.719602
4.719608
4.719430
4.718991
4.720435
4.721750
4.720375
4.719924
4.719939
4.718764
4.717890
4.716769
4.715775
4.715433
4.715450
4.714907
4.714018
4.713588
4.713646
4.713745
4.712973
4.711090
4.709579
4.709513
4.710535
4.710981
4.711263
4.711504
4.711208
4.711155
4.710397
4.709500
4.710952
4.715519
4.719328
4.719625
4.718374
4.716589
4.715602
4.716177
4.714869
4.711000
4.707461
4.705172
4.703929
4.704566
4.707739
4.712610
4.716030
4.716354
4.714669
4.712108
4.709756
4.707589
4.706562
4.707584
4.709608
4.710972
4.711888
4.715638
4.718363
4.715897
4.713077
4.712175
4.713660
4.714872
4.714117
4.713281
4.712496
4.712118
4.710920
4.709629
4.710788
4.713394
4.716994
4.719084
4.718848
4.717530
4.715878
4.715654
4.716799
4.717397
4.715718
4.713817
4.712497
4.711324
4.711751
4.714305
4.715119
4.714084
4.715028
4.716559
4.715901
4.714935
4.715623
4.716777
4.717465
4.717870
4.718904
4.719906
4.720200
4.719560
4.718537
4.717322
4.716702
4.716915
4.718100
4.719668
4.719678
4.718080
4.716838
4.717351
4.719067
4.720698
4.722716
4.725140
4.725123
4.722755
4.719486
4.719219
4.720577
4.720977
4.719840
4.717349
4.715936
4.714942
4.714746
4.715514
4.716709
4.716690
4.715105
4.713991
4.715560
4.717232
4.717704
4.717876
4.716669
4.715516
4.715650
4.715995
4.717210
4.716894
4.713031
4.709682
4.709445
4.711896
4.713817
4.713021
4.711039
4.710122
4.709174
4.708708
4.712816
4.718506
4.720418
4.719998
4.718828
4.716251
4.711025
4.700091
4.682736
4.661838
4.638622
4.611838
4.581290
4.545167
4.502059
4.451428
4.394217
4.336518
4.279032
4.219128
4.154662
4.087392
4.022240
3.960634
3.900030
3.835463
3.766003
3.694805
3.614371
3.534490
3.462156
3.388611
3.316076
3.235495
3.142517
3.044251
2.949398
2.860482
2.774342
2.685662
2.600081
2.512432
2.427021
2.352000
2.273925
2.191826
2.103132
2.026445
1.968621
1.918106
1.880750
1.851686
1.825114
1.798522
1.771451
1.747752
1.726750
1.705844
1.688194
1.672266
1.655820
1.643720
1.636668
1.630136
1.623228
1.617683
1.610220
1.601096
1.592841
1.587700
1.585392
1.582110
1.577823
1.575761
1.575288
1.573891
1.570852
1.567492
1.565059
1.563750
1.562716
1.559019
1.553674
1.549864
1.549113
1.550528
1.551360
1.549265
1.543728
1.540318
1.541022
1.544774
1.548611
1.547494
1.544018
1.541499
1.540838
1.542875
1.546789
1.549901
1.550481
1.549657
1.548884
1.547413
1.546813
1.547403
1.547093
1.546524
1.546997
1.547765
1.546985
1.545004
1.543245
1.543148
1.545482
1.548497
1.548403
1.546988
1.545568
1.544333
1.544764
1.545565
1.545910
1.545871
1.545933
1.545855
1.545105
1.544592
1.544808
1.546032
1.548639
1.550326
1.550003
1.549112
1.548217
1.547651
1.547400
1.546990
1.545923
1.543768
1.541100
1.541162
1.544085
1.546840
1.548856
1.548702
1.547246
1.545308
1.544233
1.544908
1.544840
1.544926
1.544834
1.543889
1.543698
1.544797
1.546369
1.546100
1.543521
1.539817
1.537600
1.539088
1.542530
1.545958
1.549058
1.549321
1.546903
1.545097
1.544382
1.545082
1.547378
1.549132
1.549004
1.549005
1.550149
1.551066
1.550293
1.548765
1.547133
1.545630
1.545829
1.547370
1.549026
1.549026
1.546924
1.544362
1.543221
1.543685
1.544877
1.545766
1.545575
1.544158
1.542179
1.541314
1.542283
1.545129
1.549233
1.551416
1.550775
1.549418
1.548644
1.548757
1.549593
1.549695
1.548163
1.545577
1.541531
1.536472
1.534289
1.536285
1.539017
1.541409
1.543438
1.547179
1.553597
1.559418
1.560722
1.558556
1.556729
1.555012
1.554056
1.554532
1.555182
1.554032
1.550972
1.548232
1.547791
1.549744
1.552789
1.553874
1.552668
1.551442
1.550202
1.550032
1.550985
1.552283
1.552630
1.550844
1.546747
1.541639
1.539194
1.541486
1.546751
1.551371
1.552723
1.551788
1.551673
1.553920
1.556059
1.555601
1.553303
1.550702
1.548829
1.549770
1.553016
1.555417
1.555153
1.553297
1.551918
1.551790
1.551975
1.552143
1.553807
1.555370
1.555911
1.555637
1.554570
1.554888
1.555463
1.554636
1.553271
1.552536
1.553266
1.555210
1.557682
1.559937
1.560871
1.562795
1.572120
1.589476
1.611360
1.636295
1.663507
1.693347
1.723994
1.754623
1.794746
1.848318
1.902512
1.948860
1.985931
2.011987
2.028454
2.033993
2.029527
2.020576
2.009123
1.995295
1.980393
1.964375
1.943877
1.914753
1.879385
1.840007
1.800312
1.766718
1.738955
1.718547
1.704251
1.690217
1.676593
1.663299
1.648391
1.635829
1.628681
1.623006
1.615974
1.607116
1.598675
1.592193
1.588820
1.587327
1.584685
1.581340
1.577131
1.572285
1.568431
1.565627
1.562955
1.561973
1.562083
1.561321
1.559966
1.559046
1.558577
1.558600
1.558727
1.557537
1.555226
1.553210
1.554056
1.556947
1.558087
1.556672
1.555777
1.555911
1.554869
1.554003
1.554134
1.553794
1.553456
1.553497
1.553035
1.552161
1.549583
1.548181
1.550589
1.553206
1.553474
1.552836
1.553828
1.554982
1.555439
1.553718
1.550458
1.549907
1.550918
1.551336
1.550476
1.549767
1.551573
1.553037
1.551529
1.549747
1.549800
1.551152
1.552269
1.552185
1.550681
1.548872
1.549115
1.551027
1.553751
1.555411
1.554433
1.553246
1.552458
1.551368
1.550783
1.551296
1.551877
1.550386
1.548979
1.551434
1.554440
1.555072
1.555565
1.555293
1.553991
1.553086
1.552110
1.551932
1.552722
1.553323
1.553446
1.553145
1.552288
1.552183
1.553021
1.552404
1.550416
1.548853
1.549131
1.550786
1.552907
1.553918
1.553084
1.552392
1.552518
1.552198
1.551157
1.550844
1.551836
1.553564
1.555555
1.557427
1.557953
1.559373
1.559974
1.558392
1.556655
1.554663
1.553480
1.553311
1.553958
1.554770
1.555980
1.556319
1.555521
1.555263
1.555860
1.556291
1.556213
1.554947
1.553833
1.555098
1.557388
1.557032
1.554661
1.553160
1.552522
1.553544
1.555587
1.555977
1.554257
1.552138
1.550276
1.549472
1.548792
1.548586
1.550418
1.550790
1.547695
1.544382
1.544706
1.548832
1.553562
1.556259
1.550265
1.534188
1.514060
1.491074
1.464410
1.432335
1.391060
1.341753
1.290567
1.239315
1.186623
1.129017
1.067934
1.008036
0.949964
0.891385
0.829531
0.763839
0.695042
0.625296
0.555702
0.476353
0.394596
0.310438
0.217966
0.129285
0.049431
-0.007475
-0.038843
-0.050471
-0.047993
-0.041272
-0.032435
-0.019534
0.001332
0.028487
0.056841
0.086089
0.116834
0.152661
0.205379
0.267761
0.332242
0.398401
0.454826
0.505733
0.562056
0.636076
0.712504
0.787268
0.864720
0.946924
1.029809
1.110389
1.197987
1.276635
1.354619
1.429152
1.502742
1.579819
1.654169
1.732207
1.821740
1.923765
2.016437
2.108015
2.207144
2.303020
2.402070
2.503505
2.599630
2.684339
2.763460
2.846183
2.939483
3.041837
3.142095
3.229552
3.309415
3.377084
3.422167
3.448411
3.447367
3.427313
3.402682
3.375805
3.345557
3.299665
3.238770
3.176440
3.113058
3.046870
2.972695
2.888903
2.799200
2.701515
2.595082
2.466808
2.320573
2.191877
2.086711
1.999448
1.934977
1.892738
1.863866
1.837111
1.812529
1.792209
1.773495
1.750449
1.721046
1.692044
1.664941
1.638577
1.613397
1.587418
1.559249
1.529573
1.499950
1.466352
1.433088
1.404385
1.374173
1.341831
1.308005
1.274897
1.241620
1.209047
1.178339
1.145580
1.115007
1.086998
1.059376
1.027379
0.990788
0.951042
0.909356
0.875627
0.843428
0.810600
0.781129
0.753486
0.725182
0.697948
0.671573
0.638646
0.605221
0.574741
0.543763
0.514141
0.480806
0.446933
0.417528
0.384607
0.350920
0.320948
0.287667
0.254767
0.225077
0.196249
0.172177
0.150315
0.128896
0.110296
0.097232
0.088400
0.080373
0.072255
0.063217
0.053625
0.045030
0.037023
0.030286
0.025932
0.022548
0.017875
0.012609
0.009217
0.007778
0.007149
0.005486
0.003149
-0.000163
