12.585083
10.498226
10.143635
10.114570
10.079691
12.497888
12.317685
12.381628
12.381628
12.317685
12.125858
12.067728
12.067729
12.218865
12.358377
12.364189
10.097131
10.149447
10.225016
10.643551
10.254081
10.486601
10.463348
10.143635
10.062252
10.004124
12.451384
12.404881
10.091318
10.381967
10.126196
10.009936
10.655176
10.684240
10.335463
10.538917
10.323836
10.300585
10.544729
10.283146
10.120383
10.195951
10.044814
10.079692
10.294772
12.323499
12.451385
10.143635
10.137821
12.276996
11.980534
12.317686
11.870088
12.224678
12.050289
12.532765
10.015749
12.625773
10.068066
12.230491
12.189801
12.149109
12.317685
10.021563
12.480450
10.434282
10.137821
12.259556
10.108757
10.184325
10.033188
12.515327
12.346750
10.009936
10.004124
10.009936
10.201765
10.591234
10.195951
10.056439
12.492075
12.201426
12.224678
12.236304
12.125858
12.247931
12.160736
12.381629
10.225017
10.079692
12.375815
10.155260
10.091318
10.021562
12.224678
12.619961
10.283146
10.132009
10.556355
10.736558
10.591234
10.149447
10.347089
10.323836
10.248268
12.497888
12.218865
12.172361
12.236304
12.370003
12.276996
12.114232
12.399067
12.259556
10.195951
12.457196
10.637737
10.544729
10.161074
10.155261
10.219204
10.015749
12.352564
10.015749
12.247931
12.079354
12.096793
12.149110
12.276995
10.015749
10.184325
12.544392
12.486262
12.213053
12.172361
12.474636
12.375815
12.358377
12.364189
12.085167
12.172361
12.143297
12.364189
12.282808
12.253742
12.573457
12.352564
10.132010
10.015749
10.091318
12.457197
12.276995
12.265369
12.207239
12.300246
10.015749
12.335124
12.271182
12.224678
12.358377
12.381629
10.259894
12.544392
12.480450
12.346750
10.079692
10.126195
12.463010
10.102943
12.433945
12.393254
12.224679
12.340938
12.433946
12.515326
12.468823
12.282807
12.253743
12.271183
12.375816
10.004124
12.526953
12.399068
12.317686
12.364190
12.474636
10.033188
10.248268
10.254082
12.544392
10.172700
10.161074
10.079692
10.300585
10.288960
10.079692
12.375815
12.422319
12.509513
12.375816
10.015749
10.102943
10.230829
12.521140
10.434283
12.660651
10.579607
10.445910
10.666802
10.486600
10.172700
10.195951
10.219203
10.044814
12.672277
10.132009
10.068066
10.230829
10.271520
10.248268
10.329651
10.236642
10.161074
10.068066
12.631586
10.230829
12.468822
10.207577
10.033189
12.410694
12.183987
12.102606
12.079353
12.201427
12.230491
12.271183
12.125857
12.306060
12.061915
12.230491
12.579269
10.021562
12.608334
10.114570
12.596708
10.556355
10.498226
10.178513
10.562169
10.655176
10.556355
10.126196
10.207577
10.248268
10.161074
10.015749
12.276995
12.056102
11.992159
12.300247
12.497888
10.515664
10.393593
10.102943
12.503700
12.346750
12.370003
12.224678
12.166549
12.050289
11.893339
11.934031
12.067728
12.154923
12.399067
12.218865
12.120045
12.346751
12.358377
10.288960
10.190138
10.405218
10.562169
10.445910
10.399405
10.120383
10.091318
10.091318
12.404881
12.218866
12.131671
12.021224
12.317686
12.323499
10.039001
12.259556
12.195613
12.108418
12.474636
12.393255
10.155261
12.468822
10.050627
12.306061
12.375814
12.346751
12.323499
12.265369
12.137484
12.271183
12.364189
10.504039
10.614485
10.236642
10.178513
10.254081
10.155260
12.474636
10.102943
12.463011
12.416506
12.271183
12.166549
12.492075
12.335125
10.079692
12.399067
12.329312
12.236305
12.125857
10.161074
10.161074
12.526953
10.149447
10.027375
12.346750
12.579269
12.387442
10.306397
10.341276
10.225016
10.283146
12.678090
10.416844
10.492414
10.306397
10.620297
10.504039
10.626111
10.114570
10.277333
10.498226
10.190138
10.219203
10.312211
10.230829
10.015750
10.027374
12.387442
10.225017
10.469161
10.184326
10.172699
10.190138
10.300585
12.230492
10.021563
10.370340
12.602521
10.265706
10.004124
12.567644
10.015750
12.538578
10.271520
12.556018
10.411032
10.033188
12.474636
10.097130
10.027375
12.433945
10.166886
12.439758
10.184325
10.161074
12.550204
10.225016
12.370003
10.149447
12.428131
10.242455
12.468822
12.457197
12.317686
10.097131
12.521139
10.434282
12.370003
10.230829
10.184326
12.288620
10.114570
10.207578
12.015411
12.497888
12.370003
12.294434
12.399067
12.340938
12.399067
12.276995
12.515326
10.108757
10.027375
10.166886
10.079692
12.474636
12.439758
10.195951
12.410693
10.451722
10.073878
12.701342
10.137822
12.393254
12.573457
10.306398
12.370003
10.120383
12.410693
10.039001
12.463011
10.102943
12.439758
10.335463
12.370002
10.155260
12.869918
10.149447
12.195613
10.108757
11.980534
12.521139
10.009935
12.335125
10.033188
12.497889
10.143635
12.468823
10.137821
12.393253
12.492075
10.021563
10.114570
12.567643
10.341275
12.451384
10.091317
10.062253
10.050627
10.230829
10.166886
12.608335
10.190139
12.178175
10.184326
10.149447
12.399067
12.317686
10.021563
12.218865
10.132009
12.213053
10.039001
12.294435
10.033188
10.143635
10.166886
10.050627
12.486261
10.132010
12.288622
12.445572
10.015749
10.329650
10.044814
10.085505
10.161074
12.404881
12.381628
10.085505
12.259556
10.050627
10.381967
12.573456
10.387779
10.033188
10.039001
10.108757
12.556018
12.451385
10.102944
10.126196
12.497887
10.155260
12.329312
12.492075
10.097131
12.375815
10.143635
12.439758
10.102943
12.329312
10.009937
12.492075
10.225017
12.224678
10.451722
10.027375
12.271182
10.085505
12.294434
10.097131
12.404881
12.288622
10.097131
10.172700
12.276995
10.190139
12.422319
12.480449
12.207239
10.079691
12.370003
10.143635
12.393253
12.410693
12.346750
10.004123
12.172361
10.137821
10.033188
12.050289
10.033188
10.166886
10.021563
12.794350
10.073879
12.149110
10.451722
10.265707
12.608334
10.352901
10.149448
10.027375
11.858461
12.032850
12.451385
10.259894
10.044814
12.178175
10.178513
12.079353
10.062253
10.393593
11.887526
12.114231
12.015411
11.997972
12.218865
12.567644
12.637399
10.265707
10.027375
12.358377
12.183988
12.375815
12.247930
12.276995
12.172361
11.928217
12.003786
11.922403
12.108419
12.073542
11.980534
11.939843
12.038664
12.044476
12.183987
12.149109
12.102606
12.154922
12.271181
10.021563
10.178513
12.468823
10.108757
12.288621
12.474635
12.404880
10.085505
12.381628
12.439758
12.242117
10.044814
10.137821
12.585083
10.277333
10.044814
10.004124
12.451385
12.306060
12.340938
12.428132
12.335125
12.381628
12.294435
12.416506
12.433946
12.480450
10.004123
12.410693
12.602522
10.120383
10.027375
10.085505
10.097132
10.056440
12.433946
12.428131
10.015749
10.039001
10.132009
10.207577
10.044814
12.497888
12.294435
12.387442
12.515326
10.201764
12.515326
10.085505
12.399068
10.009936
12.346750
10.230829
10.236642
10.044814
10.073879
12.428132
12.393254
12.346750
10.068066
12.463010
12.399068
12.311872
12.166548
12.358377
12.317686
10.009936
12.439758
12.410693
12.294435
12.404881
10.009936
10.120382
10.166887
10.102943
10.085505
12.445571
10.062253
12.538579
10.195951
10.044814
10.039001
10.259893
10.132010
10.155260
10.341275
10.376154
10.591233
10.370340
10.434283
10.329650
10.666802
10.707493
10.666801
10.777248
12.439758
10.219203
10.527290
10.225017
10.323836
10.440096
10.259893
10.463348
10.655176
10.300585
10.399405
10.411032
10.091318
10.358715
10.440096
10.137821
10.044813
12.271182
12.445572
10.178513
10.044814
12.311872
12.236304
12.492075
12.102606
12.422319
12.207239
12.619960
12.183987
10.044814
12.340938
12.317686
12.242118
12.172361
12.340938
10.213390
10.137821
10.381967
10.474974
10.027375
10.079693
10.405218
10.242455
10.021563
12.276996
12.166548
11.974720
11.864273
12.335124
12.137484
12.189800
12.131670
11.922403
12.468822
12.183987
10.225016
10.062253
10.486600
10.393593
10.091318
10.149448
10.149447
10.236642
10.387779
10.137821
10.062253
10.469161
10.480787
10.591233
12.887357
10.108756
12.521140
12.474636
12.457197
10.161074
12.579269
10.143635
10.149447
12.579269
10.178513
10.166885
10.288959
10.265707
12.428132
10.474974
10.085505
10.039001
12.213052
12.143297
12.137484
12.660651
12.317686
10.085505
10.288960
10.033188
10.445910
10.329650
12.410693
10.056440
12.428133
12.486261
12.120045
10.097131
12.433945
10.033188
12.242117
10.068066
12.433946
12.538578
12.195614
12.003785
12.253743
12.172361
12.154922
11.823584
12.189799
12.172361
12.370003
11.248098
11.893339
12.044477
11.038832
10.585421
12.079353
12.288621
10.126195
10.405218
10.190138
10.591234
10.655176
10.358715
10.271521
12.451385
12.346751
12.317686
12.311872
12.317686
12.311872
12.143296
10.015749
10.242455
12.050289
12.526953
10.474974
10.480787
10.108757
10.411032
10.463347
10.341276
10.329650
10.097131
12.404881
12.201427
12.242118
12.300246
10.091318
12.550205
10.370340
10.108756
10.079692
10.306397
10.509851
10.655176
10.323836
10.161074
10.498226
10.765622
10.254082
10.259893
10.149448
10.498225
10.591233
10.358714
10.283146
10.213390
10.242455
10.033189
12.201427
12.166549
12.056102
10.120383
10.312210
12.521139
10.399405
10.039001
12.102606
12.364189
12.311872
10.009935
10.015749
10.166886
10.039001
10.132010
10.033188
12.399068
10.137821
10.474974
10.207577
12.602522
10.463348
10.149448
12.218864
12.108418
11.992159
12.050289
12.085167
12.050289
12.463011
12.457197
10.062253
10.079692
12.300247
12.364189
12.387442
12.172360
11.939844
12.015411
12.265369
12.178175
12.282807
12.044477
11.928217
12.503702
11.271352
11.242286
10.945825
11.410863
12.154922
10.033188
12.282808
10.143635
10.381967
12.410694
10.044814
10.126196
10.132009
10.172699
10.184325
10.225016
12.463010
10.312210
10.021562
10.219203
10.352901
10.201764
10.463348
10.544729
10.178513
10.254081
10.288960
10.271520
10.341275
10.422657
10.079692
10.364527
10.376154
10.323837
10.277332
10.236642
10.323837
10.259894
10.318024
10.306398
10.364528
10.242455
10.190138
10.352901
10.352901
10.329649
10.225016
10.236642
10.265707
10.567982
10.509851
10.259893
10.265707
10.068066
10.009936
12.457197
12.346751
10.039001
12.364190
12.265369
12.137484
12.271182
12.166549
12.032850
11.829396
11.945656
12.265369
12.259556
12.125858
12.166548
12.027037
12.021225
12.404881
12.265369
12.306061
12.021225
12.102606
12.090981
12.259556
10.201764
10.126196
12.416506
12.247931
10.004124
10.097131
12.428133
10.015749
12.433945
10.015749
12.247931
12.410693
10.015749
10.277332
10.062253
10.166886
10.056440
10.039001
12.672276
10.172700
10.225016
10.358715
10.405218
10.265707
10.329650
10.323837
10.277333
10.009936
12.538579
12.468822
10.254081
10.126196
10.364528
10.434283
10.213390
12.433945
10.137821
12.556018
10.201764
10.195951
10.056439
10.114570
10.312210
10.027374
10.213390
10.207578
10.219204
12.381628
12.404881
12.509514
10.044814
10.201764
12.404881
10.004124
10.178513
10.009937
10.137822
10.207578
10.120383
10.091318
10.009936
10.102943
10.143635
10.225017
10.068067
10.068066
10.172700
12.457197
10.149447
10.050627
10.102943
10.137821
12.393254
10.236642
12.451384
12.445571
12.474636
12.096794
12.207239
12.387442
12.311873
12.486262
12.079353
12.050289
12.102606
12.387442
12.445571
12.422319
12.375815
12.416506
10.009936
10.265707
10.190138
10.149447
12.236303
10.236642
10.143635
10.027375
10.201764
10.248268
12.503701
12.242117
10.236642
10.242455
10.259894
12.468822
10.056440
10.062254
10.358714
10.230829
10.207577
10.132009
10.056440
12.276995
12.207239
12.370002
12.108418
12.061914
11.974721
12.271182
12.178175
12.276995
12.207239
12.335125
12.143296
12.340938
12.463011
10.097131
12.317686
12.213053
12.486262
10.056439
12.364189
10.015749
12.300247
12.143296
12.201426
12.131670
12.149109
12.422318
12.166549
10.120382
12.387442
10.236643
10.352901
10.277332
10.149447
10.480787
10.190138
10.073879
12.410692
12.422319
12.323499
12.306060
12.079354
12.050289
12.213052
12.521139
12.358377
10.039001
12.317686
12.381629
10.027375
12.474635
10.027375
10.149447
10.056440
10.102944
10.207578
10.190138
10.126196
10.126196
12.364189
12.294435
12.329311
12.358377
12.468823
12.463011
12.230492
12.381629
10.009935
10.073879
10.201764
10.149447
10.323836
10.370340
10.033188
10.172700
10.376154
10.219204
10.294772
10.294772
10.097131
10.021562
10.172699
10.294772
10.015749
10.352901
10.259893
12.550205
10.137821
12.323500
10.056440
10.102943
12.410693
10.126196
12.387442
12.317685
12.073541
12.306060
12.189800
12.265369
12.189800
12.625773
12.195614
10.021563
12.439758
12.486262
12.311873
12.323500
12.317685
12.463011
10.376153
10.504038
10.277333
10.102943
10.015750
10.259893
12.468822
10.288959
10.248268
10.108757
12.433946
12.311872
12.160736
12.457197
12.387442
10.027375
12.370003
10.050627
10.120382
10.004124
10.097131
10.335463
10.637737
10.294771
10.132009
10.306398
10.265707
10.265707
10.091318
10.143635
10.132009
10.021562
12.393254
10.021562
12.230491
10.056440
10.091318
10.015749
12.346751
10.097131
10.149448
10.149448
10.091318
10.271520
10.323836
10.056440
12.306060
12.090980
12.027037
11.992159
12.323499
12.230492
10.091318
12.160736
10.050627
12.335125
12.497889
12.486262
12.410694
10.068066
12.236304
10.370340
10.498226
10.486600
10.323837
10.347088
10.300585
10.149447
10.021562
12.457197
12.323499
12.323500
12.207240
12.433945
12.317686
10.143635
10.225016
10.219203
10.015749
10.195951
10.172700
10.085505
10.073879
12.497888
10.114570
12.428133
10.004124
12.218865
10.015749
10.108757
12.433946
10.155260
12.532765
10.033188
12.253743
10.033188
10.050627
12.428133
12.410693
12.108419
11.980534
12.149110
12.061914
12.230491
12.486262
12.259556
12.073541
10.009936
12.375815
12.550205
12.486261
12.416506
12.370003
12.224678
12.678090
10.091317
10.120383
10.335463
10.126196
10.039001
10.015749
10.004124
10.039001
10.015749
12.340937
12.224678
12.166548
12.242118
12.224678
12.218865
12.207240
12.265369
12.358377
10.114570
10.428470
10.556355
10.678428
10.230829
10.445910
10.416844
10.480787
10.672615
10.283146
10.184326
10.248268
10.172699
10.079692
10.073879
10.294771
10.329650
10.178513
10.166886
10.300585
10.050627
10.207577
10.370340
10.294771
10.033188
10.114570
12.329311
12.445572
12.189800
10.062252
12.114232
12.375815
12.242117
12.457197
12.218866
10.102943
10.097132
12.404881
10.073879
12.271181
12.416506
12.259556
12.102607
12.120045
10.050627
12.352563
12.323499
12.195614
12.149109
12.085167
12.271182
12.311873
12.346751
12.218864
12.189801
12.108418
12.178174
10.056440
12.492075
10.230829
10.259893
10.073879
10.062253
10.416844
10.416844
10.155260
10.655176
10.538917
10.172699
10.102943
10.184325
10.271521
12.463010
10.201764
10.306398
10.050627
10.422657
12.463011
10.085505
10.102944
10.027375
10.009935
10.068066
12.352564
12.416507
12.236304
12.306060
12.375815
10.062253
12.433945
12.300247
12.027037
12.207240
12.050288
12.247930
12.271183
12.329311
12.131670
10.184325
12.311872
10.126196
10.201764
10.009936
12.370002
12.125857
12.364189
12.422319
10.161074
10.068066
12.404881
12.352564
12.300247
12.218865
12.335124
12.311872
12.253743
12.178174
12.288620
12.358377
10.097131
12.503700
10.120382
12.463010
10.009936
12.404881
10.068066
10.079692
12.468822
12.573456
12.381628
10.033188
10.056440
10.161074
10.073879
10.364527
10.358714
10.562168
10.341276
10.376154
10.271520
10.300585
10.318024
10.219203
12.463010
12.201427
12.259556
12.259556
10.044814
12.399067
10.102944
12.207240
12.213053
12.486261
12.521139
10.166886
10.190138
12.439758
12.393254
12.358377
10.108757
10.172700
10.190138
10.027375
10.073879
10.091318
10.044814
10.039001
12.445571
12.375816
12.317685
12.230492
12.451384
12.340939
12.242118
12.288621
12.230492
10.108757
12.399067
10.504039
10.684240
10.672615
10.393593
10.073879
10.329649
10.550543
10.259893
10.248268
10.126196
12.433945
12.300247
12.189800
12.422319
12.352564
12.271182
12.404881
12.120044
12.236303
12.236304
12.236303
12.288621
12.166548
12.125857
12.561831
12.172361
10.248268
10.265706
10.114570
10.161074
10.457535
10.538918
10.195951
10.225016
10.190139
12.532765
12.370004
12.329312
12.224678
12.352564
10.044814
12.375816
12.375816
10.015749
12.375814
10.381967
10.213390
10.108757
12.457196
12.247930
12.143296
12.317686
12.387442
10.039001
12.393254
12.253744
10.236642
10.207577
10.300585
10.300584
10.451722
10.347089
10.225016
10.073879
10.195951
10.277333
10.265707
10.288959
10.265707
10.300585
10.283146
10.143634
10.126196
10.201764
12.393254
10.102943
10.009936
12.317685
12.230492
12.079354
12.038663
12.027037
12.183987
12.056103
12.375815
12.090981
12.242117
12.573457
12.608334
10.405218
10.236642
10.207577
10.399405
10.748183
10.376153
10.573794
10.660989
10.416844
10.248268
10.172699
10.306397
10.597047
10.097130
10.352901
10.405218
10.498226
10.143635
10.033188
10.126196
10.097131
12.201426
12.149110
11.910778
12.154922
12.433945
10.126196
12.404881
10.318024
10.114570
12.521140
10.097131
12.294434
10.201764
10.137821
10.178513
12.492075
12.457197
12.340938
12.282807
12.776910
12.178175
12.358377
12.247931
12.149109
12.439758
12.195613
12.370003
12.439758
12.282807
12.073541
11.992159
12.503701
12.160735
12.404881
12.224678
12.114232
12.038664
12.154923
12.497888
12.282809
12.404881
12.230491
12.201426
12.114231
12.335125
12.497888
12.364189
12.352564
10.004123
10.009935
10.056440
10.062253
10.039001
10.027375
12.393254
12.335125
12.329312
12.346751
12.410693
12.439758
12.340939
12.265369
12.276995
10.056440
10.155260
12.445571
10.027375
12.358376
12.433945
12.370003
10.050627
10.009936
12.474636
12.364190
12.399067
12.276994
12.445571
12.503701
12.416506
12.387441
12.317686
12.294436
10.044814
10.102943
12.579269
10.108757
12.433945
10.091318
12.497888
10.277333
10.056440
10.091318
10.044814
12.422319
10.126196
12.416507
10.166886
10.056440
10.068066
10.068067
10.027375
12.439757
10.143635
10.015749
10.190139
10.352901
10.370340
10.172699
10.283147
10.434283
10.207578
10.381967
10.306397
10.143635
12.532765
12.393255
10.143635
10.387779
10.428471
10.166887
10.161074
10.079692
10.021563
12.352564
12.247931
12.276995
12.242117
12.160736
12.317685
12.143297
10.062253
10.114570
12.375815
12.463010
12.329311
12.393255
10.050627
10.172699
12.515326
10.184326
10.015749
12.323499
12.497887
10.306397
10.364528
10.265707
10.219204
10.399405
10.358715
10.277332
10.085505
10.073879
10.009936
12.323499
12.218864
12.282808
12.259556
12.294434
12.544391
12.329311
12.317685
10.004124
10.044815
12.497888
10.027374
12.463011
12.317686
12.195614
12.236305
12.230492
10.021563
10.068066
12.387442
10.039001
12.445572
10.137821
10.062253
10.213390
10.440096
10.573794
10.504039
10.172700
10.579607
10.684240
10.509852
10.550542
10.387779
10.300585
10.091318
12.329312
12.445571
12.242117
12.137484
12.090980
11.974721
12.038664
12.085167
12.282808
12.166548
12.242117
12.433945
12.242117
12.335124
10.137821
10.062253
12.364189
12.340938
12.276995
12.218866
10.056440
12.335125
10.004124
12.329311
12.265369
12.259556
12.271182
10.009935
10.009936
12.416507
10.108756
12.358377
10.050628
12.509514
10.120382
12.480449
12.399067
12.393255
10.178513
10.172699
10.178512
10.504039
10.736558
10.318024
10.161074
10.370340
10.614485
10.248268
10.248268
10.172699
10.068066
12.288620
12.178175
12.265369
12.375815
12.428132
12.218865
12.149110
12.178175
12.364189
12.422318
12.492075
12.265368
12.364189
12.195613
10.021563
12.393253
10.004124
12.329311
12.236304
12.236304
10.050627
12.561831
10.631924
10.486600
10.259893
10.265707
10.294771
10.428471
10.277333
10.294772
10.405218
10.155260
10.033188
12.311872
12.271182
12.247931
12.335125
12.178174
12.195614
12.154922
12.154922
12.579269
12.404881
12.445571
12.288621
12.329311
12.282808
10.056440
12.474635
10.097132
12.492075
12.335125
10.004124
10.102943
10.027374
10.079692
10.387779
10.585421
10.387779
10.225016
10.341276
10.242455
10.306397
10.335463
10.056440
10.027375
12.317687
12.486262
12.364189
10.015749
10.102944
12.375814
10.009936
12.294435
10.027375
12.404881
10.021562
12.404880
12.195613
12.387442
12.381628
12.457196
10.050627
10.033188
12.433946
12.375816
10.068066
10.039001
10.300585
10.358715
10.254081
10.486599
10.428470
10.143635
10.097131
10.277333
10.318024
10.347089
10.079692
12.340938
12.247931
12.521140
10.207578
10.050627
10.201765
10.073879
12.294434
12.218864
12.317686
12.370003
12.364189
12.218865
12.207240
12.242118
10.085505
12.428132
10.236643
10.114570
10.027375
12.306060
12.294434
12.230492
12.352564
12.323500
12.259556
12.079353
12.178175
12.439758
12.410694
10.259893
10.015749
10.097132
10.039001
12.486262
10.579607
10.411032
10.271520
10.445909
10.376154
10.073879
10.364528
10.591233
10.690054
10.602859
10.474974
10.352901
10.114570
10.073879
12.468823
12.503701
12.387442
12.358377
12.114232
11.968908
12.381629
12.474636
10.393593
10.108757
10.108757
10.004124
12.288621
12.579269
10.044814
12.399067
12.404881
12.230491
12.096793
12.027038
12.294435
12.236304
12.282808
12.096793
12.143296
12.335125
12.399067
10.132009
10.207577
10.004124
12.492075
10.120382
10.288959
10.259893
10.265707
10.719119
10.672615
10.312211
10.544729
10.573794
10.341275
10.271520
10.440096
10.643550
10.422657
10.108756
10.306398
10.347089
10.277333
10.073879
10.021563
10.242455
10.265707
12.387442
10.114571
10.056440
10.062252
10.085505
12.701342
12.323499
12.294434
12.335125
12.108419
12.625773
12.271182
10.149447
12.428133
10.073879
10.068066
10.248268
10.039001
12.201427
10.021563
11.963095
12.044477
12.346750
12.364189
10.056439
12.416506
12.364189
12.335125
12.556017
12.067729
10.027375
12.317685
12.556018
10.073879
10.033188
12.480449
10.085505
10.062253
12.445571
10.137822
12.352564
12.317686
12.061914
12.393254
12.096792
10.184325
10.544730
10.143635
12.608335
10.114570
12.515326
10.166886
10.172699
10.166886
10.201765
12.329311
12.160736
12.032850
12.213053
12.160736
12.259557
12.096792
11.992160
12.050289
10.050627
12.288621
10.004124
12.451384
12.282807
12.178175
12.189800
12.439757
12.352563
12.492075
12.230492
12.439757
12.311872
10.027374
12.480449
12.410694
12.317686
12.178174
12.468823
12.457197
10.236643
10.015749
12.457196
12.294434
10.114570
10.294772
10.073879
10.126195
10.143635
10.108757
12.294434
12.271181
12.416506
12.375815
12.410693
12.306060
10.027374
10.068066
10.056440
10.492413
10.323837
10.283146
10.277333
10.126196
12.340938
12.387442
12.457197
10.236643
10.143635
10.161074
10.021562
12.317686
12.306059
10.004124
10.108757
12.381629
12.497888
12.207239
12.503701
12.364189
10.056440
12.393255
12.317686
12.183987
12.242117
12.247930
10.062253
10.242455
12.457197
10.056440
12.346750
12.416506
12.422319
12.474635
12.422319
12.463010
12.276995
12.265368
10.004123
12.433946
12.306061
12.352563
12.346751
12.340937
12.521139
10.056440
10.097131
10.039001
12.422319
12.352564
12.381628
10.021563
10.068066
10.009936
12.532766
12.387442
12.515327
12.492075
10.161074
10.039001
10.091318
10.015749
12.416506
12.410693
12.596708
10.195951
10.033188
10.091318
10.004124
12.387442
12.451384
12.509514
10.184324
12.654839
10.277333
10.079693
10.021562
10.050627
10.033188
12.492075
10.021563
12.556017
10.149447
12.526953
10.213390
10.108757
10.108757
12.492075
12.370002
12.340938
12.300246
12.497889
12.433945
10.091318
12.370003
10.021563
12.439758
10.108757
12.509514
10.050627
12.486262
12.306060
12.416506
12.364190
10.056439
12.526953
10.137821
12.393253
10.021562
12.323499
12.381629
12.474636
12.433945
12.381628
12.346749
12.329311
10.073878
10.149447
10.004124
10.062253
10.091317
12.410694
10.062254
10.166886
12.497888
10.190138
10.085505
10.033188
10.102943
10.161074
10.009936
10.126196
10.137822
12.521140
12.433945
12.457197
12.457197
10.132009
12.585083
10.242455
12.474636
10.097131
12.404880
10.207577
10.271521
10.341276
10.376154
10.399405
10.521478
10.242455
10.486600
10.631924
10.521478
10.416844
10.091318
10.469161
10.562168
10.387779
10.201764
10.242455
10.457535
10.097131
10.033188
10.219204
10.097131
10.091318
10.120383
10.137821
10.573794
10.335463
10.172699
10.068067
10.108757
10.097131
12.282808
12.282808
12.154922
12.137485
10.062253
10.207577
12.306060
12.172361
12.131671
11.968908
12.364190
12.218864
10.004123
12.521139
10.009936
12.340938
10.079692
12.323500
10.184325
12.445571
10.009936
12.271182
12.230491
12.131671
12.160735
12.178175
12.358377
12.120045
12.457197
12.387442
10.283146
10.207578
10.050627
10.166886
10.056440
10.108757
10.283146
10.097131
10.178513
10.318024
10.265707
12.393253
12.404881
12.370003
12.242118
12.393254
12.050289
12.247931
12.364189
12.230492
12.317686
10.027375
10.056440
12.370002
12.352564
12.143297
10.009936
10.114570
10.137822
12.399067
12.375815
12.445571
12.218865
10.062252
12.480450
10.056440
12.370003
12.329311
12.323499
12.346751
10.033188
12.631586
10.033188
12.416506
12.352564
12.311872
12.468822
12.410693
12.346750
12.288622
12.503701
12.323499
10.009936
12.550204
10.068066
12.387442
10.039001
12.329312
10.271521
10.422657
10.283146
10.666802
10.614486
10.538917
10.166886
10.184325
10.259893
10.178513
12.439758
12.294435
12.218865
12.114232
12.463010
12.352563
10.254081
10.056440
12.282807
12.306060
12.445571
12.288621
12.463010
12.166548
12.189800
12.102606
12.381629
12.335125
10.178513
12.567644
10.329650
10.190139
10.062253
10.579608
10.509851
10.236643
10.248268
10.201764
10.102943
12.410693
12.253743
12.381629
10.056440
12.317685
12.247930
12.207239
12.195614
10.073879
10.137821
12.619961
10.044814
12.282808
10.056440
10.039001
12.556018
10.219203
10.044814
12.370003
12.323499
12.230492
12.573457
12.364190
10.021563
12.439758
12.213052
12.224679
12.503700
12.433946
10.219203
12.410693
12.306060
12.213052
12.422319
10.254081
10.259893
10.457535
10.207578
10.533104
10.672615
10.451721
10.463348
10.509851
10.881882
10.579607
10.480786
10.271520
10.521478
10.422658
10.323836
10.062253
10.288959
10.358714
10.242455
10.033188
10.236642
12.573456
10.242455
12.457197
12.276996
12.108419
12.166548
10.318024
10.132009
12.154922
12.544392
12.393254
10.062252
10.056440
12.404881
10.207578
10.195951
10.184325
10.428471
10.591233
12.236304
10.027375
12.457197
12.526953
10.021563
10.236642
10.207577
12.532765
10.021563
12.486261
10.254081
12.416507
10.044815
12.526953
12.288620
10.062253
12.451385
10.033188
12.358377
10.259893
10.044814
10.259893
12.410694
12.329311
10.015749
12.393254
12.457197
12.306060
12.486261
12.282808
12.503701
10.056440
10.207578
10.021563
12.433945
12.201427
12.102606
10.102943
12.404881
10.323837
10.341276
10.387779
12.451385
12.370003
10.190138
10.120382
10.039001
11.992160
10.323837
10.312211
10.097131
10.062253
10.288960
10.411031
10.213390
10.155261
10.277332
12.399068
12.765284
10.742371
10.445910
10.440097
11.887527
12.230492
11.707323
11.660820
11.957282
12.090981
12.358376
12.282808
12.276995
10.044814
10.044814
10.073878
10.091318
10.039001
10.033188
10.102943
10.073879
12.654839
10.120383
10.091318
10.068066
10.358715
10.370340
10.073879
12.404881
12.486261
12.370003
12.544392
10.021563
12.590895
10.347088
12.276995
10.114570
12.346750
12.335125
10.178513
12.399067
10.015749
10.015749
10.044814
12.364189
10.027375
12.556017
12.404881
10.254082
10.405219
10.097131
10.137822
12.596708
10.149447
10.161074
12.422319
10.347089
10.021563
12.619961
10.073879
12.410693
12.282808
12.416506
12.154922
12.358377
12.340939
10.068066
12.166548
12.538579
12.073541
12.585082
12.242117
12.457197
12.038663
11.963095
12.253742
12.102606
12.393254
12.242117
12.137485
11.992159
12.585083
12.166548
10.166886
10.533103
