1000.000000
1000.000000
1000.000000
883.947564
1000.000000
1000.000000
1000.000000
1000.000000
1000.000000
1000.000000
1000.000000
1000.000000
1000.000000
1000.000000
1000.000000
1000.000000
1000.000000
1000.000000
1000.000000
1000.000000
1000.000000
1000.000000
1000.000000
1000.000000
1000.000000
1000.000000
1000.000000
1000.000000
1000.000000
1000.000000
1000.000000
1000.000000
803.800241
459.823976
294.436664
257.621692
235.927557
221.567988
218.505113
204.562374
177.131058
165.367009
161.780895
154.342028
155.787839
165.888152
151.670443
142.013020
164.894902
173.773289
150.883587
166.871267
193.278265
263.133970
379.955510
573.398225
571.316468
650.863366
451.796809
515.217516
538.490127
716.275624
872.202868
803.460515
1000.000000
1000.000000
1000.000000
1000.000000
1000.000000
1000.000000
1000.000000
1000.000000
1000.000000
1000.000000
1000.000000
1000.000000
1000.000000
1000.000000
1000.000000
1000.000000
1000.000000
1000.000000
1000.000000
1000.000000
1000.000000
1000.000000
1000.000000
1000.000000
1000.000000
1000.000000
1000.000000
1000.000000
1000.000000
1000.000000
1000.000000
1000.000000
1000.000000
1000.000000
1000.000000
1000.000000
1000.000000
1000.000000
1000.000000
1000.000000
1000.000000
1000.000000
1000.000000
1000.000000
1000.000000
1000.000000
1000.000000
1000.000000
1000.000000
1000.000000
1000.000000
1000.000000
1000.000000
1000.000000
1000.000000
1000.000000
1000.000000
1000.000000
1000.000000
1000.000000
1000.000000
1000.000000
1000.000000
1000.000000
1000.000000
1000.000000
1000.000000
1000.000000
1000.000000
1000.000000
1000.000000
1000.000000
1000.000000
1000.000000
1000.000000
1000.000000
1000.000000
1000.000000
1000.000000
1000.000000
1000.000000
1000.000000
1000.000000
1000.000000
1000.000000
1000.000000
1000.000000
1000.000000
1000.000000
1000.000000
1000.000000
1000.000000
1000.000000
1000.000000
1000.000000
1000.000000
1000.000000
1000.000000
1000.000000
1000.000000
1000.000000
1000.000000
1000.000000
1000.000000
1000.000000
1000.000000
1000.000000
1000.000000
1000.000000
1000.000000
1000.000000
1000.000000
1000.000000
1000.000000
1000.000000
1000.000000
1000.000000
1000.000000
1000.000000
1000.000000
1000.000000
1000.000000
1000.000000
1000.000000
1000.000000
1000.000000
1000.000000
1000.000000
1000.000000
1000.000000
1000.000000
1000.000000
1000.000000
1000.000000
1000.000000
1000.000000
1000.000000
1000.000000
1000.000000
1000.000000
574.006106
548.080130
358.060277
324.085071
338.515796
337.547880
345.857274
425.691543
639.940071
1000.000000
1000.000000
1000.000000
1000.000000
834.148308
611.982841
547.581844
511.394178
499.860442
594.962907
800.132401
1000.000000
946.685389
1000.000000
928.552442
844.935703
1000.000000
1000.000000
1000.000000
1000.000000
1000.000000
1000.000000
1000.000000
1000.000000
1000.000000
1000.000000
1000.000000
1000.000000
1000.000000
1000.000000
1000.000000
1000.000000
1000.000000
1000.000000
1000.000000
1000.000000
1000.000000
1000.000000
1000.000000
1000.000000
1000.000000
1000.000000
1000.000000
1000.000000
1000.000000
1000.000000
1000.000000
1000.000000
1000.000000
1000.000000
1000.000000
1000.000000
1000.000000
1000.000000
1000.000000
1000.000000
1000.000000
1000.000000
1000.000000
1000.000000
1000.000000
1000.000000
1000.000000
1000.000000
1000.000000
1000.000000
1000.000000
1000.000000
1000.000000
1000.000000
1000.000000
1000.000000
1000.000000
1000.000000
1000.000000
1000.000000
1000.000000
1000.000000
1000.000000
1000.000000
1000.000000
1000.000000
1000.000000
1000.000000
1000.000000
1000.000000
1000.000000
1000.000000
1000.000000
1000.000000
1000.000000
1000.000000
1000.000000
1000.000000
1000.000000
1000.000000
1000.000000
1000.000000
1000.000000
1000.000000
1000.000000
1000.000000
1000.000000
1000.000000
1000.000000
1000.000000
1000.000000
1000.000000
1000.000000
1000.000000
1000.000000
1000.000000
1000.000000
1000.000000
1000.000000
1000.000000
1000.000000
1000.000000
1000.000000
1000.000000
1000.000000
1000.000000
1000.000000
1000.000000
1000.000000
1000.000000
1000.000000
1000.000000
1000.000000
1000.000000
1000.000000
1000.000000
1000.000000
1000.000000
1000.000000
1000.000000
1000.000000
1000.000000
948.006682
660.967633
545.256803
598.607477
679.428145
673.486198
691.900914
812.104894
698.811987
657.486717
473.535407
399.815238
412.547843
486.071538
538.645820
448.572714
540.318866
562.775850
430.400855
464.077747
546.740217
470.399681
642.905092
520.868154
570.002633
435.608033
454.545735
551.608932
546.529364
713.489042
722.945811
521.405508
571.443704
443.346103
487.751062
568.783322
506.502341
638.649543
500.860985
585.956200
474.407365
591.584286
580.917599
641.345725
561.575695
553.518368
404.476567
440.613475
355.749744
401.479324
457.924019
418.303143
514.080278
540.370624
537.890596
582.104092
584.933939
593.427156
623.248220
604.522903
556.476974
566.368413
469.792355
478.416708
449.553890
431.678458
544.316083
524.508074
460.168389
513.528209
387.524221
374.131991
454.292684
421.952135
479.642936
399.938197
367.652338
442.607807
383.173671
554.928257
486.527140
608.679202
432.516771
434.926159
343.799185
410.227565
334.682134
444.671953
365.317988
385.005067
290.214659
353.277818
373.592487
392.615756
574.140660
498.394913
621.739124
440.960506
448.526880
349.002375
402.032440
380.989524
388.455259
471.343958
485.649702
355.303121
391.694607
331.722067
410.855130
400.694773
385.117126
392.430223
476.929056
405.110082
443.060230
334.164321
319.466383
321.827991
328.686368
362.495949
472.217542
352.387062
373.796499
300.780519
389.193719
347.385500
408.811486
387.701337
354.976495
363.252535
283.619136
351.681248
340.354477
308.162669
333.499605
309.166328
325.459606
312.345696
293.724836
266.652912
266.182056
352.564699
295.467633
347.577529
363.820541
287.483333
309.542097
307.859824
314.723361
356.133422
277.957519
234.412492
302.880268
375.554397
307.898431
348.640199
312.005470
294.394163
389.586986
330.056779
384.685211
292.669264
343.348798
274.677561
349.140569
274.851271
283.208108
215.224291
217.674098
231.245951
196.913292
250.612730
192.770595
217.914309
194.240449
181.005692
199.672208
200.993672
163.359795
201.844518
192.730388
197.129415
176.897202
206.068834
162.385198
192.762089
170.270730
168.447082
155.743767
224.348438
256.965959
628.645865
1000.000000
696.628224
474.600224
376.262479
400.229921
242.405289
211.024630
158.640651
153.627653
148.707735
112.972987
117.016078
102.083694
96.920067
89.121330
95.114449
85.984211
86.714699
85.574376
68.547253
78.157209
64.756288
79.257517
97.171516
117.665300
170.327474
281.778133
452.986765
483.463897
428.691577
341.819928
345.956459
421.140808
432.240244
477.710806
467.665668
501.030261
626.940383
761.796973
825.967522
861.569808
1000.000000
1000.000000
1000.000000
1000.000000
1000.000000
1000.000000
1000.000000
1000.000000
1000.000000
1000.000000
1000.000000
1000.000000
1000.000000
1000.000000
1000.000000
1000.000000
1000.000000
1000.000000
1000.000000
1000.000000
1000.000000
1000.000000
1000.000000
1000.000000
1000.000000
1000.000000
1000.000000
1000.000000
1000.000000
1000.000000
1000.000000
1000.000000
1000.000000
1000.000000
1000.000000
1000.000000
1000.000000
1000.000000
1000.000000
1000.000000
1000.000000
1000.000000
1000.000000
1000.000000
1000.000000
1000.000000
1000.000000
1000.000000
1000.000000
1000.000000
1000.000000
1000.000000
1000.000000
1000.000000
1000.000000
1000.000000
1000.000000
1000.000000
1000.000000
1000.000000
1000.000000
1000.000000
1000.000000
1000.000000
1000.000000
1000.000000
1000.000000
1000.000000
1000.000000
1000.000000
1000.000000
1000.000000
1000.000000
1000.000000
1000.000000
1000.000000
1000.000000
1000.000000
1000.000000
1000.000000
1000.000000
1000.000000
1000.000000
1000.000000
1000.000000
1000.000000
1000.000000
1000.000000
1000.000000
1000.000000
1000.000000
1000.000000
1000.000000
1000.000000
1000.000000
950.244222
591.910881
464.818976
466.748915
459.973831
443.427096
389.827534
338.962217
295.122666
277.088555
274.254654
280.642467
196.438137
196.874813
205.369051
222.256964
238.032285
239.907707
233.520387
220.917367
203.875089
206.626432
212.765307
207.177762
206.482583
194.907000
181.388817
191.286049
219.773836
198.076967
181.309126
207.464610
251.108954
266.690728
338.644157
385.157324
461.787662
560.659487
584.419746
512.427430
540.087319
978.662807
1000.000000
1000.000000
1000.000000
1000.000000
1000.000000
741.312639
686.274921
1000.000000
1000.000000
1000.000000
1000.000000
1000.000000
1000.000000
1000.000000
1000.000000
1000.000000
1000.000000
1000.000000
1000.000000
1000.000000
1000.000000
1000.000000
1000.000000
701.923436
449.995203
449.679485
435.634762
370.076304
304.001145
252.153934
188.271738
173.078511
190.713428
184.964669
176.393044
185.321125
192.105338
189.058264
197.775634
138.214827
142.475109
121.180620
126.779841
125.560843
157.998267
127.064656
142.306572
154.535525
123.305668
135.960911
140.098297
144.078076
154.116789
124.225872
125.270993
119.157282
129.045419
120.920870
128.735280
139.397637
136.613479
119.578680
131.346469
126.151258
129.796717
126.115913
130.082259
103.982836
131.933471
124.798963
121.223482
111.841771
139.270657
113.623565
142.012505
115.862733
144.099041
138.197367
147.089286
154.509747
175.764060
217.299564
288.178148
364.037809
453.827215
529.924293
592.461468
543.045334
254.959248
198.251574
1000.000000
433.065540
1000.000000
1000.000000
1000.000000
1000.000000
1000.000000
1000.000000
1000.000000
1000.000000
1000.000000
1000.000000
1000.000000
1000.000000
1000.000000
1000.000000
1000.000000
1000.000000
1000.000000
1000.000000
1000.000000
1000.000000
1000.000000
1000.000000
1000.000000
1000.000000
1000.000000
1000.000000
1000.000000
1000.000000
1000.000000
1000.000000
1000.000000
1000.000000
1000.000000
1000.000000
780.311512
495.867556
388.232947
370.240938
354.792843
323.796639
261.548338
206.161341
186.615223
183.056121
168.384025
170.841612
185.168357
194.734328
182.396766
168.500130
166.756874
157.050552
133.545273
119.558727
134.083089
132.241504
147.217735
143.696247
158.024580
166.235922
135.802357
131.059165
123.371978
115.760889
127.208472
122.249043
138.632040
134.732123
127.780372
129.097326
129.055008
141.259675
115.463617
137.575177
139.027083
142.592307
107.387982
108.459187
113.638481
104.821175
109.578978
115.548738
124.284405
132.717550
140.315250
137.755898
123.385260
143.048415
156.887904
143.957119
154.672885
175.843981
208.570800
265.604381
338.411020
421.375558
559.479229
608.721957
588.786070
337.618523
178.684866
458.803273
302.772322
696.421300
765.978007
784.547680
1000.000000
1000.000000
1000.000000
1000.000000
1000.000000
1000.000000
1000.000000
1000.000000
1000.000000
1000.000000
1000.000000
746.342187
544.576117
551.867315
656.535037
672.185807
595.811747
477.515182
393.395289
387.070608
429.826005
509.854065
504.366328
421.321732
360.034004
353.707943
363.094587
405.532240
481.340046
510.390248
453.177516
391.703661
361.009902
351.472300
383.126439
392.506419
310.376864
250.106320
245.367201
271.564877
297.390126
310.398799
294.331871
267.449056
246.377565
247.509632
251.913008
244.047704
259.220676
335.407359
350.048935
357.641646
467.278534
427.603159
429.744331
460.396646
562.510934
754.741893
925.038786
915.551332
907.000592
979.628111
1000.000000
1000.000000
1000.000000
1000.000000
1000.000000
1000.000000
1000.000000
1000.000000
1000.000000
1000.000000
1000.000000
1000.000000
1000.000000
1000.000000
1000.000000
1000.000000
1000.000000
1000.000000
818.581096
1000.000000
893.425717
772.252900
518.007930
430.451650
567.228634
587.199638
587.290876
543.708910
531.234343
643.785613
557.469312
608.595679
546.489844
502.145984
436.829302
386.682763
389.101555
460.629406
543.501344
662.610527
572.765658
463.639409
426.402055
399.419168
424.770828
454.595184
558.164209
526.243661
670.691630
490.151296
522.494158
543.224254
536.439671
482.318468
395.635194
373.432907
384.734297
428.621928
515.933413
458.811296
446.768357
410.998936
493.613838
510.657048
387.583984
418.550198
402.579461
425.663805
462.174137
508.804857
507.637104
452.089335
432.100552
405.340060
401.705704
441.291563
499.804706
507.518459
486.704317
364.419482
412.384170
461.437484
497.049470
491.961733
350.180176
383.970149
371.470772
1.994192
482.520702
481.424447
519.749177
589.253996
655.894416
623.579216
603.616049
572.850192
531.718333
531.714310
549.891282
535.077824
478.496512
390.540205
441.611761
417.602934
419.684785
489.099968
354.847546
328.092473
361.392428
491.983218
598.124664
596.394124
467.363404
426.855785
473.891549
456.187902
483.259578
380.291938
440.689090
474.734830
461.825893
417.547583
372.028457
361.787995
405.482454
384.789012
429.074455
461.202788
477.264828
463.543568
457.905554
477.697256
555.834522
600.720388
552.971040
503.130078
505.724332
509.661644
487.383839
612.759228
535.284581
555.426347
454.087057
564.330039
601.546486
1000.000000
1000.000000
1000.000000
1000.000000
1000.000000
1000.000000
1000.000000
1000.000000
1000.000000
1000.000000
1000.000000
948.530872
1000.000000
1000.000000
1000.000000
1000.000000
1000.000000
1000.000000
1000.000000
1000.000000
1000.000000
1000.000000
878.036737
965.169120
1000.000000
825.575740
909.927310
743.462772
603.150376
705.538997
610.401765
784.286145
742.008411
621.279956
558.752935
532.873399
536.515630
578.920962
727.348020
788.762109
909.777966
981.368776
1000.000000
1000.000000
1000.000000
1000.000000
1000.000000
1000.000000
1000.000000
1000.000000
1000.000000
1000.000000
909.421074
961.866490
1000.000000
927.964041
927.206341
946.819829
922.154528
917.221490
822.767632
684.857105
570.795521
540.409813
534.675752
643.501256
589.288284
704.663064
511.400748
695.986704
1000.000000
1000.000000
1000.000000
1000.000000
1000.000000
1000.000000
1000.000000
1000.000000
1000.000000
1000.000000
1000.000000
655.539689
754.244710
961.961633
1000.000000
1000.000000
804.000196
634.088578
607.218691
620.384372
512.866560
528.465699
619.498995
729.099844
693.656477
547.649182
676.074018
754.413000
1000.000000
1000.000000
1000.000000
1000.000000
1000.000000
1000.000000
1000.000000
1000.000000
1000.000000
968.500315
927.704061
918.095758
1000.000000
920.655607
682.957029
636.413474
743.676253
860.964230
755.620966
692.445559
694.210963
711.859781
813.899915
576.863549
584.128904
485.208916
600.709447
645.927318
916.679115
1000.000000
1000.000000
1000.000000
1000.000000
1000.000000
1000.000000
1000.000000
1000.000000
1000.000000
1000.000000
1000.000000
1000.000000
1000.000000
1000.000000
1000.000000
709.489411
772.030981
827.318638
1000.000000
987.287220
720.640326
589.062655
430.751402
491.214018
486.481722
545.138716
486.201067
429.638582
521.139226
759.036734
1000.000000
1000.000000
1000.000000
1000.000000
1000.000000
1000.000000
1000.000000
960.185557
1000.000000
970.847574
714.327320
667.609516
753.831004
873.255808
955.934527
700.382232
784.604356
589.361925
671.938464
590.377188
695.213851
670.474306
514.502989
654.503747
547.483794
688.277193
588.974934
671.900725
868.796435
1000.000000
1000.000000
1000.000000
1000.000000
1000.000000
1000.000000
1000.000000
1000.000000
1000.000000
1000.000000
1000.000000
829.902794
841.846076
828.291651
755.166387
591.593012
538.199223
484.658502
585.027054
587.225533
523.006792
472.534761
459.332676
490.338145
553.784256
651.049727
869.416816
889.487976
1000.000000
1000.000000
1000.000000
1000.000000
1000.000000
1000.000000
1000.000000
1000.000000
1000.000000
986.206558
796.154930
585.891021
565.208993
506.077392
390.215086
283.100745
218.270207
173.638396
159.259481
175.303710
196.055278
209.262131
205.617836
190.355662
168.776902
152.541425
150.715639
148.435280
148.397220
146.089933
141.836419
138.225789
138.073442
146.489764
131.474485
133.062619
127.678971
150.982502
133.208637
132.032474
141.926776
138.734087
120.308221
130.756297
146.999034
122.059540
143.687279
126.847245
127.629258
131.929373
140.393668
145.755262
232.610783
298.407870
498.869531
842.255121
1000.000000
1000.000000
1000.000000
1000.000000
1000.000000
1000.000000
1000.000000
1000.000000
1000.000000
1000.000000
1000.000000
1000.000000
1000.000000
1000.000000
1000.000000
1000.000000
1000.000000
815.519957
622.628246
521.342678
532.996202
608.491665
683.560443
709.637580
535.399197
620.082907
604.221895
699.953460
736.345219
561.178778
712.051591
650.832414
597.536712
633.410884
707.498153
698.223416
735.730632
824.720035
1000.000000
1000.000000
1000.000000
1000.000000
1000.000000
1000.000000
1000.000000
1000.000000
1000.000000
1000.000000
950.050511
637.775934
691.503384
736.611333
1000.000000
1000.000000
1000.000000
1000.000000
1000.000000
1000.000000
1000.000000
1000.000000
1000.000000
1000.000000
1000.000000
1000.000000
1000.000000
1000.000000
1000.000000
1000.000000
1000.000000
1000.000000
1000.000000
1000.000000
1000.000000
1000.000000
1000.000000
1000.000000
1000.000000
1000.000000
1000.000000
1000.000000
1000.000000
1000.000000
1000.000000
1000.000000
951.443049
795.741036
689.684344
767.153399
889.419111
910.788150
803.592552
743.000325
828.856810
1000.000000
1000.000000
1000.000000
1000.000000
1000.000000
1000.000000
1000.000000
1000.000000
1000.000000
1000.000000
969.731361
843.287918
680.970261
780.315338
909.638258
753.137492
732.326568
640.078326
649.908960
694.813719
644.163749
576.341839
590.601820
578.551665
588.728654
686.349253
649.052891
731.910336
873.107653
1000.000000
1000.000000
1000.000000
1000.000000
1000.000000
1000.000000
1000.000000
1000.000000
1000.000000
1000.000000
898.633322
837.779450
994.526453
1000.000000
1000.000000
1000.000000
1000.000000
1000.000000
1000.000000
1000.000000
1000.000000
1000.000000
1000.000000
1000.000000
1000.000000
1000.000000
1000.000000
1000.000000
1000.000000
1000.000000
1000.000000
1000.000000
1000.000000
1000.000000
1000.000000
1000.000000
1000.000000
1000.000000
1000.000000
1000.000000
1000.000000
1000.000000
1000.000000
1000.000000
1000.000000
1000.000000
822.791181
626.352435
754.922134
716.856812
624.462186
691.618084
563.869596
656.851888
809.445250
1000.000000
1000.000000
1000.000000
1000.000000
1000.000000
1000.000000
1000.000000
1000.000000
1000.000000
1000.000000
909.865295
877.354797
847.356764
862.005998
820.561432
701.450336
709.530341
714.920038
699.894801
707.801672
681.653851
648.712725
584.219868
520.279743
465.947130
451.046246
500.879198
444.671787
593.550713
857.508789
1000.000000
1000.000000
1000.000000
1000.000000
1000.000000
1000.000000
1000.000000
1000.000000
954.811606
743.859492
792.254485
664.297124
517.865230
396.233798
338.604965
313.843052
271.495558
253.933573
247.831997
222.677298
180.333594
162.355347
171.710323
180.107024
169.170827
170.458809
165.531352
152.764797
135.215114
130.552074
129.212579
123.163531
130.279171
124.395741
133.080575
141.109051
147.185599
133.543408
158.108555
124.471756
129.062582
142.651226
118.660646
143.247528
115.358896
126.582730
127.314167
138.688342
120.732671
118.912123
125.958775
151.859300
193.238419
304.949341
487.382849
664.557558
741.742174
571.530942
458.487880
486.460113
585.007001
666.402153
677.140542
726.093958
808.801503
1000.000000
1000.000000
1000.000000
1000.000000
1000.000000
1000.000000
1000.000000
1000.000000
1000.000000
1000.000000
1000.000000
1000.000000
1000.000000
1000.000000
1000.000000
1000.000000
1000.000000
1000.000000
1000.000000
1000.000000
1000.000000
1000.000000
1000.000000
1000.000000
1000.000000
1000.000000
1000.000000
1000.000000
1000.000000
1000.000000
1000.000000
1000.000000
1000.000000
1000.000000
1000.000000
1000.000000
1000.000000
1000.000000
1000.000000
1000.000000
1000.000000
1000.000000
1000.000000
1000.000000
1000.000000
1000.000000
1000.000000
1000.000000
1000.000000
1000.000000
1000.000000
1000.000000
1000.000000
1000.000000
1000.000000
1000.000000
1000.000000
1000.000000
1000.000000
1000.000000
1000.000000
1000.000000
1000.000000
1000.000000
1000.000000
1000.000000
1000.000000
1000.000000
1000.000000
1000.000000
1000.000000
1000.000000
1000.000000
1000.000000
1000.000000
1000.000000
1000.000000
1000.000000
1000.000000
1000.000000
1000.000000
1000.000000
1000.000000
1000.000000
1000.000000
1000.000000
1000.000000
1000.000000
1000.000000
1000.000000
1000.000000
1000.000000
1000.000000
1000.000000
1000.000000
1000.000000
1000.000000
1000.000000
1000.000000
1000.000000
1000.000000
1000.000000
1000.000000
1000.000000
1000.000000
1000.000000
1000.000000
1000.000000
1000.000000
1000.000000
1000.000000
1000.000000
1000.000000
1000.000000
1000.000000
1000.000000
1000.000000
1000.000000
1000.000000
1000.000000
1000.000000
1000.000000
1000.000000
1000.000000
1000.000000
1000.000000
1000.000000
1000.000000
1000.000000
1000.000000
1000.000000
1000.000000
1000.000000
1000.000000
1000.000000
1000.000000
1000.000000
1000.000000
1000.000000
1000.000000
1000.000000
1000.000000
1000.000000
1000.000000
1000.000000
1000.000000
1000.000000
1000.000000
1000.000000
1000.000000
1000.000000
1000.000000
1000.000000
1000.000000
1000.000000
1000.000000
1000.000000
1000.000000
1000.000000
1000.000000
1000.000000
1000.000000
1000.000000
1000.000000
1000.000000
1000.000000
1000.000000
1000.000000
1000.000000
1000.000000
1000.000000
1000.000000
1000.000000
1000.000000
1000.000000
1000.000000
1000.000000
1000.000000
1000.000000
1000.000000
1000.000000
1000.000000
1000.000000
1000.000000
1000.000000
1000.000000
1000.000000
1000.000000
1000.000000
1000.000000
1000.000000
1000.000000
1000.000000
1000.000000
1000.000000
1000.000000
1000.000000
1000.000000
1000.000000
1000.000000
1000.000000
1000.000000
1000.000000
1000.000000
1000.000000
1000.000000
1000.000000
1000.000000
1000.000000
1000.000000
1000.000000
1000.000000
1000.000000
1000.000000
1000.000000
1000.000000
1000.000000
1000.000000
1000.000000
1000.000000
1000.000000
1000.000000
1000.000000
1000.000000
1000.000000
1000.000000
1000.000000
1000.000000
1000.000000
1000.000000
1000.000000
1000.000000
1000.000000
1000.000000
1000.000000
1000.000000
1000.000000
1000.000000
1000.000000
1000.000000
1000.000000
1000.000000
1000.000000
1000.000000
1000.000000
1000.000000
1000.000000
1000.000000
1000.000000
1000.000000
1000.000000
1000.000000
1000.000000
1000.000000
1000.000000
1000.000000
1000.000000
1000.000000
1000.000000
1000.000000
1000.000000
1000.000000
1000.000000
1000.000000
1000.000000
1000.000000
1000.000000
1000.000000
1000.000000
1000.000000
1000.000000
1000.000000
1000.000000
1000.000000
1000.000000
1000.000000
1000.000000
1000.000000
1000.000000
1000.000000
1000.000000
1000.000000
1000.000000
1000.000000
1000.000000
1000.000000
1000.000000
1000.000000
1000.000000
1000.000000
1000.000000
1000.000000
1000.000000
1000.000000
1000.000000
1000.000000
1000.000000
1000.000000
1000.000000
1000.000000
1000.000000
1000.000000
1000.000000
1000.000000
1000.000000
1000.000000
1000.000000
1000.000000
1000.000000
1000.000000
1000.000000
1000.000000
1000.000000
1000.000000
1000.000000
1000.000000
1000.000000
1000.000000
1000.000000
1000.000000
1000.000000
1000.000000
1000.000000
1000.000000
1000.000000
1000.000000
1000.000000
1000.000000
1000.000000
1000.000000
1000.000000
1000.000000
1000.000000
1000.000000
1000.000000
1000.000000
1000.000000
1000.000000
1000.000000
1000.000000
1000.000000
1000.000000
1000.000000
1000.000000
1000.000000
1000.000000
1000.000000
1000.000000
1000.000000
1000.000000
1000.000000
1000.000000
1000.000000
1000.000000
1000.000000
1000.000000
1000.000000
1000.000000
1000.000000
1000.000000
1000.000000
1000.000000
1000.000000
1000.000000
1000.000000
1000.000000
1000.000000
1000.000000
1000.000000
1000.000000
1000.000000
1000.000000
1000.000000
1000.000000
1000.000000
1000.000000
1000.000000
1000.000000
1000.000000
1000.000000
1000.000000
1000.000000
1000.000000
1000.000000
1000.000000
1000.000000
1000.000000
941.048978
591.160900
491.240914
461.712569
398.469795
337.568489
291.911774
245.288964
204.245875
179.539071
180.940675
185.150297
173.989333
156.806341
153.209425
158.814603
166.823572
166.226027
155.210640
147.458321
144.185328
154.007534
126.621278
139.026882
136.818552
139.042331
157.622045
132.542096
125.113814
130.044648
136.178179
146.573558
138.375201
118.595323
141.793541
117.946611
134.202409
131.262679
122.278467
137.568446
130.681380
206.886268
238.436033
330.511424
425.412503
378.467117
466.917590
456.740326
520.491371
597.834401
577.237587
568.139324
773.311046
763.492627
832.551983
1000.000000
1000.000000
1000.000000
1000.000000
1000.000000
1000.000000
1000.000000
1000.000000
1000.000000
1000.000000
1000.000000
1000.000000
1000.000000
1000.000000
1000.000000
1000.000000
1000.000000
1000.000000
1000.000000
1000.000000
1000.000000
1000.000000
1000.000000
1000.000000
1000.000000
1000.000000
1000.000000
1000.000000
1000.000000
1000.000000
1000.000000
1000.000000
1000.000000
1000.000000
1000.000000
1000.000000
1000.000000
1000.000000
1000.000000
1000.000000
1000.000000
1000.000000
1000.000000
1000.000000
1000.000000
1000.000000
1000.000000
1000.000000
1000.000000
1000.000000
1000.000000
1000.000000
1000.000000
1000.000000
1000.000000
1000.000000
1000.000000
1000.000000
1000.000000
1000.000000
1000.000000
1000.000000
1000.000000
1000.000000
1000.000000
1000.000000
1000.000000
1000.000000
1000.000000
1000.000000
1000.000000
1000.000000
1000.000000
1000.000000
1000.000000
1000.000000
1000.000000
1000.000000
1000.000000
1000.000000
1000.000000
1000.000000
1000.000000
1000.000000
1000.000000
1000.000000
1000.000000
1000.000000
1000.000000
1000.000000
1000.000000
1000.000000
1000.000000
1000.000000
1000.000000
1000.000000
1000.000000
1000.000000
1000.000000
1000.000000
1000.000000
1000.000000
1000.000000
1000.000000
1000.000000
1000.000000
1000.000000
1000.000000
1000.000000
1000.000000
1000.000000
1000.000000
1000.000000
1000.000000
1000.000000
1000.000000
1000.000000
1000.000000
1000.000000
1000.000000
1000.000000
1000.000000
1000.000000
1000.000000
1000.000000
1000.000000
1000.000000
1000.000000
1000.000000
1000.000000
1000.000000
1000.000000
1000.000000
1000.000000
1000.000000
1000.000000
1000.000000
1000.000000
1000.000000
1000.000000
1000.000000
1000.000000
1000.000000
1000.000000
1000.000000
1000.000000
1000.000000
1000.000000
1000.000000
1000.000000
1000.000000
1000.000000
1000.000000
1000.000000
1000.000000
1000.000000
1000.000000
1000.000000
1000.000000
1000.000000
1000.000000
1000.000000
1000.000000
1000.000000
1000.000000
1000.000000
1000.000000
1000.000000
1000.000000
1000.000000
1000.000000
1000.000000
1000.000000
1000.000000
1000.000000
1000.000000
1000.000000
1000.000000
1000.000000
1000.000000
1000.000000
1000.000000
1000.000000
1000.000000
1000.000000
1000.000000
1000.000000
1000.000000
1000.000000
1000.000000
1000.000000
1000.000000
1000.000000
1000.000000
1000.000000
1000.000000
1000.000000
1000.000000
1000.000000
1000.000000
1000.000000
1000.000000
1000.000000
1000.000000
1000.000000
1000.000000
1000.000000
1000.000000
1000.000000
1000.000000
1000.000000
1000.000000
1000.000000
1000.000000
1000.000000
1000.000000
1000.000000
599.182127
480.795028
410.766192
385.359669
356.297721
343.317442
340.091872
251.512692
195.422254
194.893725
224.125723
275.195274
393.101457
635.060120
1000.000000
1000.000000
1000.000000
881.576025
729.800615
679.106392
632.901798
515.845156
354.883960
287.620312
255.680706
254.657505
300.563523
442.424421
601.862407
850.232373
864.862833
738.568188
767.833383
825.439179
968.982726
1000.000000
1000.000000
1000.000000
1000.000000
1000.000000
1000.000000
1000.000000
1000.000000
1000.000000
1000.000000
1000.000000
1000.000000
1000.000000
1000.000000
1000.000000
1000.000000
1000.000000
1000.000000
1000.000000
1000.000000
1000.000000
1000.000000
1000.000000
1000.000000
1000.000000
1000.000000
1000.000000
1000.000000
1000.000000
1000.000000
1000.000000
1000.000000
1000.000000
1000.000000
1000.000000
1000.000000
1000.000000
1000.000000
1000.000000
1000.000000
1000.000000
1000.000000
1000.000000
1000.000000
1000.000000
1000.000000
1000.000000
1000.000000
1000.000000
1000.000000
1000.000000
1000.000000
1000.000000
1000.000000
1000.000000
1000.000000
1000.000000
1000.000000
1000.000000
1000.000000
1000.000000
1000.000000
1000.000000
1000.000000
1000.000000
1000.000000
1000.000000
1000.000000
1000.000000
1000.000000
1000.000000
1000.000000
1000.000000
1000.000000
1000.000000
1000.000000
1000.000000
1000.000000
1000.000000
1000.000000
1000.000000
1000.000000
1000.000000
1000.000000
1000.000000
1000.000000
1000.000000
1000.000000
1000.000000
1000.000000
1000.000000
1000.000000
1000.000000
1000.000000
1000.000000
1000.000000
1000.000000
1000.000000
1000.000000
1000.000000
1000.000000
1000.000000
1000.000000
1000.000000
1000.000000
1000.000000
1000.000000
1000.000000
1000.000000
1000.000000
1000.000000
1000.000000
1000.000000
1000.000000
1000.000000
1000.000000
1000.000000
1000.000000
1000.000000
1000.000000
1000.000000
1000.000000
1000.000000
1000.000000
1000.000000
1000.000000
1000.000000
1000.000000
1000.000000
1000.000000
1000.000000
1000.000000
1000.000000
1000.000000
1000.000000
1000.000000
1000.000000
1000.000000
1000.000000
1000.000000
1000.000000
1000.000000
1000.000000
1000.000000
1000.000000
1000.000000
1000.000000
1000.000000
1000.000000
1000.000000
1000.000000
1000.000000
1000.000000
1000.000000
1000.000000
650.485802
507.133247
458.230005
400.263089
325.857644
253.503283
213.149136
212.594889
206.423301
198.908477
178.304879
172.250284
174.006778
177.776484
171.770893
166.342662
157.687281
148.879384
143.852208
147.090870
158.458648
125.279242
148.021543
132.763751
136.539814
152.359907
181.316979
323.004623
1000.000000
1000.000000
1000.000000
1000.000000
779.538778
594.487863
375.900497
359.594801
348.205860
339.197938
295.621542
232.106452
160.741480
193.193244
189.344735
177.608560
201.085155
181.232836
169.315928
131.124235
167.010119
132.392721
151.045046
121.189781
155.459829
140.283452
127.940354
159.665893
134.614037
167.935548
133.113115
135.101735
131.472196
138.616636
120.845387
108.077402
135.330036
125.667159
128.353915
126.059545
121.091029
130.077514
118.717492
129.012247
121.145297
133.269149
119.208111
120.714014
115.518975
155.327010
152.563759
229.383049
395.815386
1000.000000
616.819317
413.720306
376.544332
331.884259
261.315494
169.535052
165.444060
159.305970
152.026485
138.711030
124.249250
113.857207
103.959799
96.561064
96.661181
87.292648
83.470900
99.327825
119.640132
184.385646
289.554488
405.490544
435.828895
486.434188
595.013951
660.398963
532.969192
417.535157
346.349010
370.623153
382.107343
400.759238
386.434975
356.178352
340.441535
340.063767
376.660138
304.239745
351.577117
333.247253
320.291730
306.578963
304.273257
372.770821
383.331624
402.833282
382.929638
327.791286
449.522305
374.595902
383.692065
276.426122
310.641322
295.905700
301.768867
385.076151
305.097752
339.856772
363.369834
436.835394
368.200011
476.057517
376.738877
306.778818
341.372976
325.950480
342.233843
377.888014
299.632362
345.550118
377.337232
307.153769
334.369751
379.188468
306.201584
418.002156
426.079542
515.796282
555.983990
576.995448
663.473509
770.702032
1000.000000
1000.000000
1000.000000
1000.000000
1000.000000
1000.000000
1000.000000
1000.000000
1000.000000
1000.000000
1000.000000
1000.000000
1000.000000
1000.000000
1000.000000
1000.000000
1000.000000
1000.000000
