10.058733, -0.000643
11.974883, -0.000845
10.033577, -0.000304
11.840710, -0.000551
11.782010, -0.000070
10.092277, -0.000558
10.230642, 0.000864
10.071313, 0.001232
10.041963, 0.000707
11.916183, 0.000990
11.941339, 0.001530
12.012619, 0.001058
10.025190, 0.000530
10.121627, 0.000334
11.958111, 0.000304
10.004226, -0.002337
11.903604, -0.001896
10.033576, -0.000790
10.230642, 0.001669
10.150976, 0.001677
10.150977, 0.000826
10.155170, 0.000328
12.012618, -0.004070
10.150977, -0.002073
10.197099, -0.001043
11.886832, -0.002052
10.088083, -0.001179
10.125819, -0.000675
10.121628, -0.005144
10.427708, -0.002541
10.138399, 0.005832
10.213871, 0.003242
10.109048, -0.000424
11.991653, -0.001443
11.920375, 0.000564
12.008426, 0.001475
10.020997, 0.000070
10.071312, 0.000383
11.970690, 0.001931
11.853289, 0.000104
11.886832, 0.001190
12.004232, 0.001435
10.012611, 0.002024
10.239028, 0.004617
11.907797, 0.002782
10.037770, -0.000604
11.962304, 0.001183
10.079699, 0.001077
10.188714, -0.004370
11.316599, -0.029928
10.528337, -0.061455
11.916183, -0.044998
10.192906, -0.048265
10.230642, -0.058947
10.234835, -0.060412
11.790396, -0.076675
10.259992, -0.069990
10.318693, -0.058409
11.027291, -0.048784
11.874253, 0.011958
10.364814, -0.000611
10.268379, 0.019967
10.331270, 0.024894
10.184520, 0.025861
11.983269, 0.051617
10.318693, 0.052852
10.121627, 0.055453
10.318693, 0.058392
10.092278, 0.065499
10.167748, 0.076250
10.033577, 0.099490
10.150977, 0.121673
12.050354, 0.150160
11.761045, 0.064924
10.201292, 0.061353
10.356429, 0.038738
11.228550, 0.036311
11.178234, 0.010002
12.025197, -0.028040
10.251606, -0.032704
10.381586, -0.028896
10.251606, -0.021376
10.159363, -0.019473
10.050347, -0.015919
10.234835, -0.029434
10.188713, -0.042456
10.033576, -0.016889
10.230642, -0.024022
11.513665, -0.031659
10.327078, -0.013812
10.377393, -0.010453
10.297729, -0.011570
10.146784, -0.011811
10.037769, -0.010640
12.008426, -0.012179
10.092277, -0.008212
10.008419, -0.006358
10.016806, -0.005421
10.167748, -0.004670
11.828132, -0.007145
11.903604, -0.006290
10.029384, -0.006147
10.020997, -0.006534
10.159363, -0.008614
10.054541, -0.006651
10.062926, -0.008552
11.995847, -0.009516
10.025189, -0.009346
10.239027, -0.009014
10.146784, -0.013701
10.016805, -0.014584
10.075504, -0.015682
10.343849, -0.017998
10.092278, -0.017798
10.138398, -0.017932
10.113241, -0.013643
10.096470, -0.014141
12.004233, -0.015482
10.088083, -0.010893
10.155170, -0.007675
10.054541, -0.003457
10.176134, 0.001581
10.029383, 0.002876
11.937146, 0.006258
10.155170, 0.004114
10.381585, 0.003361
11.895217, 0.008116
11.941339, 0.008935
12.000040, 0.009076
11.928761, 0.011198
11.886831, 0.011623
10.037769, 0.009802
11.941339, 0.013611
10.050348, 0.010891
10.025191, 0.012786
10.037769, 0.017543
11.974882, 0.020027
10.264185, 0.013856
10.100662, 0.017609
10.117434, 0.019303
10.109048, 0.019614
11.995847, 0.021033
11.886832, 0.018049
10.054542, 0.013920
10.138398, 0.015442
12.021005, 0.012958
10.079698, 0.008156
11.983269, 0.005745
11.727502, 0.000370
11.983269, -0.001630
10.067120, -0.004489
10.008419, -0.005302
10.092277, -0.005892
11.710732, -0.008444
11.752660, -0.008633
10.088084, -0.006104
10.062926, -0.008246
11.090183, -0.016383
11.798782, -0.063321
10.331270, -0.030413
10.008419, -0.028941
12.100669, -0.056602
10.096470, -0.066540
11.400457, -0.078648
10.071314, -0.086581
10.150976, -0.090983
12.050355, -0.098709
10.000033, -0.105237
10.150978, -0.099937
11.559786, -0.128214
10.259993, -0.121775
11.618488, -0.108285
11.220163, -0.056434
10.222256, -0.048195
10.314499, -0.027866
10.406743, -0.025688
10.117435, -0.017443
10.184521, -0.021006
10.075505, -0.018947
10.276764, -0.018956
10.130013, -0.027404
10.608002, -0.026589
10.276763, -0.018041
10.331272, -0.019643
10.180327, -0.014627
10.033577, -0.014056
10.113241, -0.011804
11.958112, -0.012124
10.050348, -0.009395
10.000033, -0.008914
10.176134, -0.009123
10.062926, -0.014797
11.932954, -0.021350
10.335464, -0.017951
10.079698, -0.021787
12.004232, -0.022110
12.025198, -0.019150
10.075505, -0.017932
10.192905, -0.016002
10.230642, -0.016404
10.306114, -0.007322
10.159363, -0.009838
10.050348, -0.008799
12.088091, -0.008341
10.364815, -0.010968
12.012618, -0.006075
10.247414, 0.009878
11.668801, -0.005374
10.012611, -0.003678
11.664609, 0.001488
10.033576, 0.006639
10.000033, 0.008712
11.958112, 0.010589
11.916183, 0.010480
10.029384, 0.010082
11.907796, 0.016930
11.974883, 0.014026
10.197100, 0.012758
12.067125, 0.017881
11.974882, 0.016051
11.970690, 0.017787
11.966496, 0.015887
10.054541, 0.010798
10.050348, 0.011596
10.163555, 0.012358
12.050355, 0.018060
11.941339, 0.015393
10.071313, 0.011819
11.958112, 0.012439
11.937146, 0.010051
11.911989, 0.007237
11.932953, 0.005538
11.882639, 0.002614
11.828131, -0.000349
11.979075, -0.003914
11.857482, -0.008833
10.113241, -0.010095
10.058733, -0.010151
11.932953, -0.014825
10.339657, -0.014731
10.092277, -0.019784
10.117435, -0.013978
10.008419, -0.009951
11.916183, -0.009710
11.903604, -0.005494
11.878446, -0.003427
11.945532, -0.003125
11.966497, -0.001341
11.895218, 0.000111
11.714924, -0.001203
11.752660, -0.000017
12.138406, -0.002984
10.251606, -0.008820
12.033583, -0.008497
11.748466, -0.006209
11.907797, -0.006498
10.029384, -0.003318
11.907797, -0.002569
10.054541, -0.001039
10.004226, -0.000492
11.874253, -0.000768
11.962304, -0.001294
10.000033, -0.000622
11.962304, -0.001518
10.033576, -0.001662
11.945532, -0.002716
10.184521, -0.007411
12.012618, -0.011108
10.025190, -0.009648
10.213870, -0.008269
10.058733, -0.009218
11.928761, -0.011647
10.318692, -0.009189
10.389972, -0.010674
11.882640, -0.020024
10.008419, -0.021427
11.517859, -0.026348
12.037775, -0.032476
11.966497, -0.015759
10.079698, -0.007980
10.213870, -0.001139
10.096469, 0.009025
10.092277, 0.009529
10.004226, 0.010555
10.004226, 0.010344
10.071312, 0.009989
10.075505, 0.008686
11.958111, 0.010904
10.054541, 0.008874
10.000033, 0.012441
11.928761, 0.014748
10.016805, 0.010065
10.067120, 0.009623
10.004227, 0.010016
10.075505, 0.009269
10.000033, 0.010395
10.054541, 0.018281
10.088084, 0.018211
10.079699, 0.015961
10.079699, 0.015333
10.079699, 0.015644
10.104856, 0.017326
11.974882, 0.025458
10.146785, 0.019173
12.046162, 0.023392
10.037769, 0.016232
10.067120, 0.013230
10.041963, 0.012532
11.870060, 0.012124
11.840710, 0.008050
11.924568, 0.006177
11.911989, 0.004400
11.811359, 0.002890
10.113241, 0.000717
11.907797, -0.005596
11.924568, -0.010851
10.121627, -0.008550
10.004226, -0.012818
10.125820, -0.011736
10.012612, -0.014420
11.928761, -0.014908
11.882639, -0.010504
10.142591, -0.006913
10.218063, -0.005113
10.130013, -0.005106
10.071313, -0.008329
11.966496, -0.008742
11.949725, -0.007745
10.083892, -0.005564
12.000040, -0.004508
11.928761, -0.000690
10.025190, -0.000619
11.777817, -0.002526
11.911989, -0.001177
10.046155, -0.002561
11.941339, -0.003610
11.823938, -0.002833
11.907797, -0.003146
11.928761, -0.001609
10.029384, -0.001828
10.163557, -0.000717
10.058733, -0.002503
11.899410, -0.001652
11.899410, -0.000311
11.853289, -0.000775
10.054542, -0.001954
11.974883, -0.003108
11.853289, -0.002778
11.849096, -0.002277
11.874252, -0.002829
11.937147, -0.002054
11.962304, -0.000960
10.016805, 0.000421
11.777817, 0.001260
11.886832, 0.000905
11.932955, 0.001394
12.025197, 0.001028
10.033575, 0.001882
10.029383, 0.003154
11.832325, 0.003740
11.949725, 0.004412
10.603808, -0.006147
12.071319, -0.057134
10.218063, -0.037786
10.364814, -0.039144
12.033583, -0.072152
10.067120, -0.075879
11.895218, -0.090142
10.201292, -0.084536
10.301921, -0.079329
10.234835, -0.089706
10.146784, -0.109407
10.239027, -0.121117
10.377393, -0.082056
10.234835, -0.066589
10.180327, -0.053654
10.134206, -0.045161
10.050348, -0.038621
10.062927, -0.033274
10.306113, -0.029694
10.188713, -0.032408
10.209677, -0.031418
10.075504, -0.037124
10.096470, -0.029260
10.079699, -0.024769
10.188713, -0.020755
12.058741, -0.018873
11.945533, -0.015814
11.991653, -0.012400
10.058734, -0.008605
10.046155, -0.007888
10.054541, -0.007662
10.012611, -0.009303
10.046155, -0.009593
11.983268, -0.013841
10.201292, -0.011560
10.289343, -0.010747
10.213870, -0.009867
11.932954, -0.009452
10.016805, -0.006766
10.067120, -0.005044
12.004232, -0.006058
10.029384, -0.003893
10.054541, -0.002522
11.752659, -0.003201
11.878447, -0.002914
11.974883, -0.002097
11.991654, -0.002697
10.050348, -0.001194
11.928761, -0.002326
11.744274, -0.002803
11.924568, -0.001230
12.008426, -0.002299
11.966497, -0.001633
10.033576, -0.000570
11.853289, -0.001790
11.786202, -0.002050
11.937147, -0.002086
10.025190, -0.002382
10.016804, -0.002071
10.092277, -0.001477
11.878447, -0.002475
11.823938, -0.002944
10.033577, -0.001424
10.025190, -0.002733
10.062927, -0.000734
10.029384, -0.000847
11.840711, -0.002741
11.916183, -0.001088
10.020998, -0.000658
10.213870, -0.001694
10.209677, 0.003284
10.041962, 0.001962
10.012611, 0.000862
10.029384, -0.000432
10.054541, 0.002580
10.016805, 0.001207
11.828132, 0.002846
10.067120, 0.001256
10.096471, 0.001843
10.364815, -0.001501
10.209677, 0.003714
11.983269, 0.004153
10.150977, 0.001656
10.134206, 0.001228
11.949725, -0.000217
11.823938, -0.001066
11.962304, -0.001641
11.966496, -0.002976
10.067121, -0.002231
10.062926, -0.001005
12.016811, -0.002282
10.046155, -0.003046
12.021005, -0.002337
10.016805, -0.000643
10.176135, 0.002580
10.008419, 0.003889
11.916183, 0.003016
10.050347, 0.003469
11.966496, 0.005206
10.079699, 0.002167
10.058733, 0.001692
11.979076, 0.001620
11.773624, -0.000253
11.941339, -0.000241
11.907796, -0.001692
10.083892, -0.002603
10.000033, -0.002612
11.932954, -0.003633
11.815553, -0.003659
11.941339, -0.002133
11.928761, -0.003542
10.100662, -0.002665
10.000033, -0.001660
11.891026, -0.001860
11.911989, -0.000158
11.920376, 0.002827
12.004232, 0.001945
10.079699, 0.001813
11.983269, 0.002741
11.765238, 0.001924
11.949725, 0.001620
10.000033, 0.000690
10.020997, -0.000453
10.117434, -0.000421
11.966496, 0.000113
11.786202, 0.000289
11.983269, 0.001064
11.979075, 0.001430
10.012611, 0.000690
10.117434, 0.000860
11.937146, 0.000628
11.882639, -0.000673
12.004233, 0.001977
10.004226, 0.001003
10.121627, 0.000428
10.092277, 0.000900
10.000032, -0.000909
11.966496, -0.002039
11.979075, -0.000860
10.071312, -0.000639
10.155169, -0.001179
10.000033, -0.000245
10.020998, -0.001217
11.882639, -0.000407
11.962304, 0.001081
10.075504, 0.000402
10.075504, 0.000160
10.025190, 0.000285
11.886831, -0.000658
11.815553, -0.000483
11.932954, -0.000379
10.176134, -0.000600
10.096470, -0.002509
10.079698, -0.001920
11.861674, -0.001956
11.937146, -0.001235
10.092277, -0.000836
12.012618, -0.001173
10.113241, -0.000905
10.171942, 0.000081
11.853289, 0.000026
10.062926, 0.000881
12.008426, 0.002069
10.046155, 0.001252
10.180327, 0.002401
10.033576, 0.002292
11.853289, 0.001226
10.016805, 0.000455
11.974882, 0.000392
10.071312, -0.000481
10.079698, -0.000828
11.974882, 0.000660
11.798781, -0.000524
10.016805, -0.000541
11.916182, -0.000226
10.083892, -0.000119
10.067120, 0.000394
10.004227, 0.000566
11.861674, 0.000243
11.932954, 0.000085
10.004227, -0.000317
10.096470, -0.001100
10.092277, -0.000992
10.125820, -0.000681
11.849096, -0.001505
11.958111, -0.000570
10.058734, -0.000283
10.029383, 0.000204
10.079698, 0.001366
10.020997, 0.001862
11.861674, 0.001396
10.037769, 0.000760
11.953918, 0.001126
10.058735, 0.000743
10.109049, 0.001017
10.117434, 0.002226
11.844903, 0.003982
10.054541, 0.003795
11.932954, 0.004029
10.138398, 0.001335
10.079698, -0.000002
10.075504, -0.002111
11.899410, -0.003403
11.937145, -0.004408
10.016805, -0.003995
10.058734, -0.004046
10.012611, -0.003418
10.075505, -0.002897
11.807167, -0.002699
11.895218, -0.002524
10.058733, -0.001696
12.000039, -0.002318
10.075505, -0.002226
10.075505, -0.001358
11.802975, -0.000394
11.966496, 0.003308
10.033576, 0.002993
10.100662, 0.002567
10.134206, 0.003769
10.016805, 0.003410
11.798781, 0.002648
10.012611, 0.002471
11.949726, 0.003655
10.088084, 0.001090
10.092277, 0.000666
10.067120, 0.000630
11.857482, -0.000866
11.991653, -0.000864
11.953918, 0.000694
10.100662, 0.000822
10.041962, 0.001833
10.050348, 0.001060
11.920375, 0.002226
11.941339, 0.002014
12.004232, 0.002256
10.109049, 0.001288
10.037769, 0.000834
10.012612, 0.000345
11.937146, -0.000102
11.953918, -0.000013
10.218062, 0.000366
10.150977, -0.001045
12.008426, -0.001090
11.928761, -0.001811
11.974883, -0.002073
11.953918, -0.003682
10.075504, -0.003810
10.071312, -0.002322
10.079698, -0.001988
11.920375, -0.001575
11.979076, -0.000511
11.966497, -0.000096
10.075505, 0.000021
10.058734, 0.000132
10.100662, -0.000492
11.823939, -0.001049
11.962304, -0.001984
10.016805, -0.001056
10.079698, -0.000411
10.041962, -0.000138
10.041962, 0.000341
11.844903, -0.000194
11.941339, -0.001794
12.050355, -0.001481
10.050348, -0.001886
10.071312, -0.002133
10.020998, -0.001352
11.903604, -0.002148
10.029384, -0.002431
11.945533, -0.002624
10.155170, -0.002471
10.113241, -0.000990
10.046156, 0.000949
12.021005, 0.003248
10.004226, 0.005283
10.020998, 0.005147
10.092276, 0.004242
10.033576, 0.004108
10.079698, 0.003512
11.853289, 0.002384
11.916183, 0.000211
12.012618, -0.000249
10.058734, -0.000760
11.979075, -0.000854
10.025190, -0.001733
11.878447, -0.002186
11.916182, -0.003288
12.000040, -0.001771
10.096470, -0.000958
10.029384, -0.000570
11.937146, -0.000698
11.886832, 0.001471
11.949725, 0.000177
10.146785, 0.000509
10.083892, 0.000083
10.130012, -0.000130
11.907796, 0.000153
11.891025, 0.001635
10.016806, 0.000824
10.067120, 0.000885
10.000033, 0.000358
10.079698, -0.000132
11.903603, 0.000192
11.874253, -0.000285
10.008419, -0.000170
10.050347, -0.000262
10.054542, -0.000553
10.025190, 0.000087
11.849095, -0.000319
11.911989, 0.000158
11.962304, 0.000298
10.020998, -0.000245
10.155170, 0.000249
12.025198, 0.001081
11.777817, 0.001515
11.937146, 0.002169
11.987461, 0.003163
10.096470, 0.001343
10.109048, 0.001205
10.020998, 0.000877
11.907797, -0.000074
11.966496, -0.001371
10.096470, -0.000926
10.075505, -0.001037
10.109048, -0.001615
10.075505, -0.001726
10.062927, -0.003955
10.075505, -0.003363
10.037769, -0.001705
10.067121, -0.000779
10.121627, -0.000977
10.180328, 0.000264
11.945532, -0.001339
11.907797, -0.001322
10.008419, -0.000426
10.046155, -0.000375
10.138399, 0.000057
10.029384, 0.000334
11.874252, 0.000111
11.987461, 0.000681
11.962303, 0.001307
10.100663, 0.000507
10.096470, 0.001524
10.033576, 0.001122
11.886831, 0.000922
11.962304, 0.001569
11.983269, 0.000717
10.058734, 0.000262
10.046155, 0.000509
11.953918, 0.000206
11.849096, 0.000079
11.958111, 0.000677
11.979075, 0.000856
10.016805, -0.000377
10.050347, -0.000702
11.899410, -0.001309
11.878446, -0.000854
12.000039, -0.000328
10.004226, -0.001083
10.117434, -0.000798
10.050348, -0.000400
11.882639, -0.001147
11.966496, -0.000622
11.966496, -0.000805
10.058734, -0.001339
10.033576, -0.000762
10.037769, -0.000579
11.895218, -0.000117
10.016805, 0.001277
11.987462, 0.002218
10.067120, 0.000443
10.410935, -0.018515
10.130013, -0.064481
10.482216, -0.052973
10.222256, -0.042797
10.457058, -0.037808
10.226450, -0.062108
10.209678, -0.098988
10.339657, -0.107346
10.264185, -0.090847
12.004232, -0.098600
10.088084, -0.106895
10.440287, -0.122541
10.339657, -0.150728
11.438193, -0.192337
10.188713, -0.158448
10.767332, -0.234264
11.891025, -0.214150
10.503180, -0.176629
11.681380, -0.180488
10.272571, -0.149011
10.331271, -0.128424
10.654123, -0.086515
11.580751, -0.078248
10.318693, -0.053330
10.025190, -0.018833
10.415129, -0.011623
10.259993, -0.037512
10.482216, -0.071863
12.016811, -0.051259
10.503180, -0.008073
10.461251, -0.011506
10.469636, -0.011758
10.398357, -0.019113
10.658316, -0.013869
10.310307, -0.014757
10.461250, -0.013279
10.478022, -0.013741
10.494794, -0.010002
10.150977, -0.005089
10.322886, 0.019827
11.945532, 0.062313
10.436094, 0.058920
10.419322, 0.049080
10.633159, 0.047320
10.356428, 0.060548
10.553493, 0.084697
10.494795, 0.096510
10.293535, 0.113708
10.377393, 0.119308
10.033576, 0.084804
10.142591, 0.035892
10.255799, 0.021131
10.285150, 0.008437
10.364815, -0.005477
10.180327, -0.022093
10.356428, -0.020361
10.121628, -0.020850
10.310307, -0.029956
10.293535, -0.036209
11.287250, -0.044195
10.561880, -0.083303
10.356428, -0.091296
10.247413, -0.062081
10.331271, -0.058034
10.285150, -0.049365
10.197099, -0.044040
10.159363, -0.038533
10.423515, -0.034247
10.230641, -0.033549
10.385778, -0.028934
10.109049, -0.027182
10.176135, -0.023998
10.125820, -0.020699
10.272572, -0.019878
10.146785, -0.017607
10.234835, -0.015880
11.974883, -0.018752
10.104856, -0.015880
10.130013, -0.013392
10.113241, -0.011547
10.620581, -0.013290
11.215970, -0.070281
11.157270, -0.065905
11.941339, 0.003555
11.807167, 0.044414
11.148884, 0.062361
10.301921, 0.008333
10.293535, 0.000854
10.402550, -0.003046
10.335464, -0.008705
10.264185, -0.012500
10.310307, -0.019414
10.373199, -0.014682
10.264185, -0.012441
10.360620, -0.010383
10.301921, -0.002039
10.310307, 0.002480
10.239028, 0.003961
10.142591, 0.002199
10.113241, 0.001354
10.041963, 0.000890
10.033577, 0.000155
10.163556, -0.000106
10.050348, -0.000415
10.192906, -0.000417
11.937147, -0.001303
12.000040, -0.003350
10.008419, -0.002433
10.046155, -0.001690
10.117435, 0.000034
10.113241, 0.000317
11.903603, -0.000438
10.041963, -0.001313
10.008419, -0.000847
12.000040, -0.000330
10.134205, 0.000553
10.029384, 0.000534
10.012612, -0.000166
11.953918, -0.000368
11.899411, 0.000140
10.062926, -0.000155
10.046155, 0.001081
10.075505, 0.000392
11.983268, -0.000749
11.932954, -0.000021
11.886831, -0.000913
11.966497, -0.007256
11.706537, -0.026167
10.301921, -0.001143
10.402551, 0.011502
10.419321, 0.018364
10.234834, 0.006762
10.218063, 0.006341
10.155169, 0.004255
10.301921, 0.003450
10.255800, 0.000490
10.389972, -0.003129
10.121628, -0.007403
10.008419, -0.005555
10.239027, -0.002733
10.155169, -0.003525
10.054541, -0.003116
12.008426, -0.001560
11.920375, 0.001296
10.020997, 0.002765
11.710730, -0.012273
11.111147, -0.023368
11.593330, 0.003916
11.543015, 0.030980
11.983269, 0.019939
10.436093, 0.000888
10.259993, 0.001918
10.146785, 0.001296
10.134206, 0.000194
10.113241, 0.000709
10.088084, -0.000954
11.920375, -0.001247
11.987461, -0.001575
12.117441, -0.006424
10.050347, -0.014520
10.037769, -0.009802
10.025190, -0.006405
10.109048, -0.002633
11.111149, -0.008727
11.878447, -0.048309
12.092283, -0.034096
10.608002, 0.025518
10.574459, 0.068347
11.513664, 0.074391
10.373200, 0.008120
10.104856, -0.010468
10.104855, -0.008424
10.041962, -0.005359
10.100662, -0.004378
10.067120, -0.004306
11.853290, -0.004259
11.937146, -0.002612
10.109048, -0.003616
10.121627, 0.001490
10.117434, 0.000281
10.100662, 0.000296
11.731695, -0.000609
12.138405, -0.026501
11.647838, -0.032580
11.614295, 0.001907
10.079698, 0.020674
10.209678, 0.028845
10.285150, 0.017670
10.318692, 0.009248
10.134205, -0.013567
10.243221, -0.009882
10.188713, -0.008165
10.285150, -0.006000
10.096469, -0.004644
11.920375, -0.003086
10.306114, 0.001171
10.205484, 0.003416
10.033577, 0.000751
10.213871, 0.002365
10.062926, 0.002329
10.259993, 0.000781
11.484314, -0.006588
10.092278, -0.005572
10.067119, 0.007869
10.109049, 0.006658
10.360620, 0.012081
10.239027, 0.006270
10.041963, 0.001907
10.184521, -0.001162
10.234835, -0.002754
10.549301, -0.000862
11.903604, -0.011008
10.012611, -0.022506
12.184526, -0.014482
11.773624, 0.023358
10.218063, 0.003616
10.150976, 0.001171
10.054541, 0.000277
10.058734, 0.001094
10.100663, 0.001183
11.614295, -0.009210
10.163556, -0.018767
11.044063, 0.005766
10.117434, 0.019516
10.230642, 0.021101
10.046155, 0.001788
10.054541, 0.004153
10.092278, -0.000226
10.050347, -0.005568
10.125820, -0.004787
10.159364, -0.005485
11.907796, -0.005293
11.836517, -0.002820
10.020998, -0.001720
12.012618, -0.005161
10.062927, -0.002873
10.029383, -0.002965
11.953918, -0.002137
10.356428, -0.000013
10.159363, 0.002692
10.075504, 0.003291
11.941339, -0.003142
10.092277, 0.000315
12.000040, 0.001298
11.983268, 0.004638
10.050348, 0.003316
12.037776, 0.002324
10.054541, 0.002024
10.033577, 0.001428
11.798781, 0.000230
11.748467, 0.000941
10.016805, 0.001090
10.008419, 0.000068
10.243220, 0.002014
12.021004, 0.000413
11.937147, -0.001286
10.020997, -0.001049
10.071312, -0.002622
10.100662, -0.003512
10.050347, -0.002403
11.953918, -0.001786
11.949726, -0.001696
10.150977, -0.001254
11.958111, -0.003744
10.130013, -0.002446
10.000033, 0.001145
10.020998, -0.000458
10.025190, -0.000302
11.932954, -0.000253
11.974882, -0.000272
10.046155, -0.000132
11.983269, 0.000332
11.895218, 0.000315
10.033576, 0.000753
11.949725, 0.001332
10.104856, 0.000168
10.142591, -0.003333
11.635259, 0.005638
10.511565, -0.005794
10.331271, -0.004067
10.209677, 0.004291
10.100662, 0.003582
10.079698, 0.002984
10.125819, 0.003291
11.958111, 0.002507
10.020997, 0.001381
11.941339, 0.000879
11.719116, 0.001013
10.104856, 0.000528
10.075505, -0.000543
11.903604, -0.006260
10.029384, -0.004968
12.029389, -0.005557
10.029384, -0.005506
10.155169, -0.000785
10.012611, 0.002954
10.012612, 0.001865
10.008419, 0.002014
11.958111, 0.002882
10.004226, 0.002145
11.987461, 0.002841
11.966496, 0.003244
11.962303, 0.002454
11.945533, 0.002565
11.895218, 0.003008
10.012611, 0.001564
10.004227, 0.002482
10.016805, 0.001684
10.033577, -0.001086
11.937147, -0.006006
10.025191, -0.003516
11.953918, -0.002763
10.100662, -0.002986
11.597523, -0.016991
11.274671, -0.013873
10.867961, -0.003201
10.012611, 0.019467
12.004233, 0.014422
10.041962, 0.009836
10.184520, 0.007839
11.995847, 0.005572
10.264186, 0.001403
10.058734, -0.003437
10.000033, -0.005421
10.155170, -0.003484
10.067119, -0.002763
10.247414, -0.002456
10.218063, -0.004138
10.071312, -0.006328
10.008419, -0.004502
10.033576, -0.002414
10.159364, 0.000796
11.962304, 0.001635
11.966497, 0.000468
10.016805, 0.001017
11.907797, 0.001375
12.012618, 0.000713
10.075504, 0.000538
11.928761, 0.000832
11.832324, 0.001115
10.377394, 0.000181
11.949724, -0.007401
11.434000, -0.004202
11.538822, -0.016057
10.285150, 0.007335
11.782009, 0.025856
10.113241, 0.006345
12.050355, 0.003257
10.150977, 0.001856
10.218063, 0.002322
11.907796, 0.001296
11.794588, 0.000032
12.000040, 0.000187
10.251606, -0.002878
10.092277, -0.004004
11.928761, -0.003569
11.840710, -0.002661
10.046155, -0.003503
10.075505, -0.006768
11.916182, -0.018232
11.819745, -0.010849
11.782011, -0.005066
10.205484, 0.016272
10.088084, 0.014882
10.025190, 0.010314
10.150977, 0.009282
10.134206, 0.007565
10.230641, 0.003271
10.071312, -0.001954
11.874253, -0.004168
11.878447, -0.002856
11.937146, 0.005136
10.096470, 0.024645
10.264185, 0.059924
11.698152, 0.093935
10.020998, 0.060748
10.230641, 0.057011
10.113241, 0.060399
12.201299, 0.105165
10.444480, 0.112697
10.075505, 0.123550
10.067119, 0.115166
10.180326, 0.106220
10.331271, 0.106750
11.601716, 0.150313
12.004232, 0.201247
10.180327, 0.177606
10.029383, 0.183828
11.987461, 0.195890
12.083899, 0.201094
11.375299, 0.229443
11.865868, 0.228889
10.037769, 0.186033
11.844904, 0.231497
11.740081, 0.245242
10.427707, 0.229077
11.823938, 0.198719
11.119534, 0.203078
10.905697, 0.212628
10.855382, 0.059333
10.943433, 0.020931
11.924568, 0.087245
11.132113, 0.150990
10.821838, -0.056378
10.180326, 0.006709
11.861674, 0.065797
11.220163, 0.093577
10.859575, 0.037412
10.805067, 0.012796
10.708632, 0.007499
10.876347, 0.005319
10.737981, 0.002518
11.140498, -0.002211
10.943432, -0.023781
11.052448, -0.033676
11.245320, -0.037065
11.568172, -0.054837
10.683475, -0.081928
10.922468, -0.083795
10.880539, -0.089274
10.721210, -0.103660
10.947625, -0.099241
10.750559, -0.105073
10.821838, -0.118753
11.312407, -0.139592
10.318692, -0.141648
11.220163, -0.165689
10.213870, -0.156005
10.553494, -0.152638
10.389972, -0.194883
10.314499, -0.180401
10.654123, -0.188055
10.784102, -0.162573
10.649931, -0.105537
10.054542, -0.071339
10.364815, -0.075322
10.503179, -0.060525
12.134212, -0.127552
11.446579, -0.130104
11.798781, -0.037997
10.939240, 0.059614
10.939240, 0.101604
11.811360, -0.030877
11.643644, -0.090327
10.163556, -0.057334
10.620581, -0.006443
12.075512, 0.037039
11.232741, -0.007779
11.509473, -0.013330
11.559788, -0.015301
11.513665, -0.014950
11.442386, -0.006034
10.750560, -0.009078
10.951818, 0.000583
11.618486, -0.005196
11.408843, -0.004802
11.278864, 0.008205
11.555593, 0.042222
11.245321, 0.020288
11.174042, 0.018669
10.763139, 0.031535
11.132112, 0.048399
11.148884, 0.039945
10.981169, 0.052043
11.014711, 0.043440
10.842804, 0.042099
11.195006, 0.063724
10.893119, 0.076150
10.553494, 0.059463
10.901505, 0.067346
11.027290, 0.062161
11.018904, 0.060735
10.876347, 0.063771
10.666702, 0.068213
10.972782, 0.082733
10.784103, 0.089972
10.746367, 0.089831
10.687666, 0.086360
10.465444, 0.082324
10.708631, 0.089120
10.666702, 0.093958
10.423515, 0.089408
10.490601, 0.082614
10.545108, 0.077097
10.230642, 0.073653
10.717016, 0.088827
10.775717, 0.108023
10.016805, 0.087139
10.628966, 0.086492
10.628965, 0.084712
10.595423, 0.079949
10.427708, 0.072942
10.343850, 0.068370
10.503180, 0.063928
10.415129, 0.063302
10.410935, 0.057911
10.327078, 0.049318
10.348043, 0.040981
10.243220, 0.034821
10.276764, 0.028938
10.280956, 0.025239
10.092277, 0.020335
10.230642, 0.015340
10.226449, 0.014716
10.268377, 0.017830
10.352236, 0.019390
10.243221, 0.020212
10.121627, 0.014884
10.150977, 0.025859
10.628966, 0.047952
10.616387, -0.009284
11.765238, -0.048084
10.222257, 0.009350
10.293534, 0.034587
10.255798, 0.021044
10.088083, 0.015991
10.079698, 0.012456
10.318693, 0.010585
10.457058, 0.007890
10.138397, 0.000868
10.092277, -0.003144
10.377393, -0.026919
10.331271, -0.037397
10.373199, -0.036846
10.306114, -0.042484
10.620581, -0.057794
10.100662, -0.064456
11.085991, -0.092981
10.431900, -0.102195
10.427708, -0.089735
10.318692, -0.077378
10.645737, -0.101940
10.536723, -0.120845
10.230642, -0.101003
10.398357, -0.080385
10.259993, -0.044555
10.230642, -0.029998
10.343849, -0.025177
10.050347, -0.026752
10.360621, -0.036471
10.314499, -0.050723
10.125819, -0.038357
10.218063, -0.032846
10.008419, -0.027685
10.054541, -0.021944
10.000033, -0.016117
10.020998, -0.013339
10.067119, -0.009906
10.100662, -0.007718
10.000032, -0.005726
10.088083, -0.006432
10.876347, -0.038782
10.230642, -0.072746
10.184521, -0.052288
10.197100, -0.051443
10.113241, -0.053954
11.949726, -0.096297
10.343850, -0.099754
10.176134, -0.092732
10.184521, -0.085459
10.121627, -0.081958
11.429808, -0.114134
11.366914, -0.154711
10.218063, -0.113864
10.096470, -0.076763
12.058741, -0.068875
10.020997, -0.042695
10.771524, -0.059748
11.052447, -0.107265
11.425615, -0.115886
10.549301, 0.028981
11.236935, 0.092038
10.662510, 0.006092
10.377394, -0.094535
11.891026, -0.061676
10.997940, 0.017915
10.645737, 0.016883
10.821839, 0.013848
10.872152, 0.005487
10.922467, 0.002701
10.473829, -0.000915
11.291442, -0.004493
11.228548, 0.015299
11.048255, 0.034521
10.746368, 0.050165
11.081798, 0.037239
11.127920, 0.026412
11.123727, 0.021900
11.006327, 0.022613
11.136305, 0.039008
11.132113, 0.049542
10.964396, 0.051551
10.985362, 0.053677
10.855382, 0.045755
10.800875, 0.039636
10.771524, 0.037448
10.826033, 0.055531
10.767331, 0.060184
10.582844, 0.054156
10.649931, 0.049150
10.494794, 0.047386
10.951818, 0.061465
10.796682, 0.066708
10.616388, 0.055770
10.658316, 0.050419
10.687666, 0.046517
10.603808, 0.055199
10.356429, 0.074147
10.306114, 0.072670
10.348042, 0.059788
10.389972, 0.049831
10.377392, 0.044176
10.457058, 0.044617
10.712824, 0.052441
10.272572, 0.061361
10.528337, 0.068196
10.369007, 0.070032
10.121627, 0.060273
10.301921, 0.054331
10.540916, 0.048969
10.356428, 0.057311
10.280956, 0.065558
10.364813, 0.065526
10.280956, 0.062840
10.423515, 0.057711
10.331271, 0.060224
10.171941, 0.070107
10.100663, 0.066474
10.050347, 0.058728
10.029384, 0.050436
10.109049, 0.043610
10.004226, 0.035409
10.259993, 0.031580
10.289343, 0.036056
10.348042, 0.036743
10.075505, 0.033389
10.616387, 0.037937
11.316600, 0.068564
11.056641, 0.029737
11.580751, -0.049812
10.687666, 0.012198
10.322886, 0.030860
10.297729, 0.033844
10.293535, 0.023575
10.318693, 0.017847
10.511565, 0.013858
10.398357, 0.009278
10.314499, 0.006153
10.771524, -0.010512
11.161463, -0.034515
10.360621, -0.035283
10.381586, -0.042133
10.427708, -0.040292
10.167748, -0.040826
10.658317, -0.061387
10.280956, -0.079125
10.473829, -0.087782
10.796681, -0.105639
10.465443, -0.114176
10.314500, -0.117054
10.444479, -0.108204
10.914083, -0.130895
10.192905, -0.262738
10.503180, -0.200651
10.930854, -0.179347
11.932954, -0.174516
10.737980, -0.153340
11.891026, -0.271507
10.440287, -0.182787
10.205485, -0.161045
10.775717, -0.057847
10.595424, -0.005477
11.601716, -0.003661
11.492702, -0.143368
10.117435, -0.163580
10.335464, -0.133926
11.622681, -0.032580
12.192912, 0.053794
11.316599, 0.120655
10.218063, 0.178945
11.475930, -0.114577
10.004226, -0.094048
11.836517, -0.047181
10.327079, 0.006702
11.899411, 0.059782
11.949724, 0.016200
11.245320, -0.023396
10.587037, -0.035754
11.362721, -0.029786
11.660417, -0.009303
11.157270, 0.000885
11.283056, 0.000998
11.513665, 0.000602
11.543016, -0.001049
11.522051, -0.004393
11.450771, -0.002343
11.362721, -0.003303
11.568172, -0.002959
11.534630, -0.002956
11.190813, -0.005202
11.278864, -0.004342
11.211777, -0.003561
11.396264, -0.004693
11.333370, 0.000102
11.186620, 0.000136
11.132113, -0.001856
11.140499, -0.002761
11.153078, -0.004140
11.056640, -0.004046
11.056641, -0.003252
10.775717, -0.003706
10.956011, -0.003955
10.834417, -0.003406
10.846996, -0.003965
10.880540, -0.003359
10.696053, -0.002752
10.641544, -0.002680
10.721210, -0.001843
10.633159, -0.000734
10.649931, -0.000228
10.628967, 0.006775
10.859575, 0.034091
10.771524, 0.035930
10.880539, 0.035430
10.343850, 0.056459
10.553494, 0.062200
10.846995, 0.070675
10.620581, 0.076988
10.591229, 0.079100
10.272571, 0.076571
10.297729, 0.098085
10.473829, 0.125295
10.599615, 0.139526
10.448672, 0.138996
10.494794, 0.135203
10.603808, 0.131672
12.058741, 0.168186
10.289342, 0.163169
10.218063, 0.173309
10.410936, 0.180107
10.230641, 0.173865
11.123727, 0.207750
11.073412, 0.221091
11.438193, 0.030931
12.071319, 0.041796
10.436092, 0.047811
10.268377, 0.050002
10.318693, 0.041181
10.645738, 0.034821
10.402550, 0.026193
10.855381, 0.023023
10.486408, 0.032599
10.457058, 0.028010
10.649931, 0.025022
10.679281, 0.021459
10.503180, 0.018596
10.436094, 0.014382
10.423515, 0.011204
10.322885, 0.009987
10.452866, 0.007479
10.436093, 0.005325
10.402551, 0.005253
10.369007, 0.004087
10.322885, 0.004810
10.247414, 0.008639
10.389972, 0.009552
10.339657, 0.007275
10.398357, 0.007077
10.301921, 0.006134
10.109049, 0.004178
10.289343, 0.003908
10.192906, 0.005279
10.268379, 0.003184
10.364814, 0.003782
10.201291, 0.004623
10.163556, 0.004029
10.096470, 0.003829
10.104856, 0.004655
10.222256, 0.003686
10.180327, 0.003614
10.222256, 0.002886
10.171942, 0.002765
11.995847, 0.002922
10.176134, 0.003833
10.109049, -0.002018
10.176134, -0.018102
10.800874, -0.010317
11.911989, 0.008957
10.016805, 0.022049
10.188713, 0.011136
10.067120, 0.008731
10.176134, 0.008046
10.385779, 0.003410
10.427708, 0.000438
10.482215, 0.000347
10.046155, -0.003220
10.352236, -0.029864
10.297728, -0.025058
10.037769, -0.029990
10.373200, -0.048105
10.146784, -0.056772
10.201292, -0.052998
10.050348, -0.054695
10.004227, -0.082047
10.385778, -0.099605
10.259992, -0.088563
10.297728, -0.090106
10.331271, -0.097577
10.360621, -0.146672
12.197105, -0.250700
10.318692, -0.180069
10.314500, -0.152774
11.018904, -0.161400
11.383686, -0.262544
10.649931, -0.190673
10.364815, -0.158103
10.293534, -0.130815
10.268378, -0.107802
10.020997, -0.068930
10.037769, -0.056474
11.987461, -0.067400
10.498988, -0.083588
11.366915, -0.112989
10.146784, -0.105944
10.536722, 0.026597
11.454965, 0.051594
10.582845, -0.008586
10.712824, -0.046224
10.608002, -0.038902
11.169847, -0.031478
10.968589, 0.000353
10.914082, -0.002058
10.914082, -0.004359
10.758946, -0.004508
10.947625, -0.004768
10.930855, -0.010944
10.855382, -0.019520
10.754753, -0.019303
10.675088, -0.014388
10.813453, -0.012730
10.771524, -0.009997
10.700245, -0.006685
10.494794, -0.003995
10.352236, -0.002503
10.582844, -0.000524
10.721210, 0.000026
10.591230, 0.005206
10.649930, 0.004734
10.327078, 0.003082
10.364815, 0.002084
10.419322, 0.001662
10.461250, -0.011223
10.452866, -0.008727
10.410936, -0.006839
10.343849, -0.005828
10.222257, -0.004929
10.230642, -0.003516
10.427708, -0.003552
10.289343, -0.003099
10.389972, -0.001335
10.130013, -0.001422
10.218063, -0.001343
10.226449, 0.000268
10.226450, -0.000170
10.280956, 0.000194
10.255799, 0.001437
10.155169, 0.000473
10.192905, 0.000358
10.037769, 0.001332
10.268378, 0.002292
10.230642, 0.005081
10.452866, 0.026699
10.327079, 0.039704
10.029384, 0.038646
10.285150, 0.051428
10.473829, 0.050242
11.459158, 0.068640
10.649930, 0.079191
10.389972, 0.086688
10.310307, 0.088561
10.419322, 0.084087
10.020998, 0.080894
10.058733, 0.099669
10.482216, 0.130074
10.486408, 0.154406
10.079699, 0.158597
10.079699, 0.153380
10.243220, 0.146699
10.276764, 0.145984
11.660416, 0.183607
10.088084, 0.181425
10.012611, 0.186154
11.379493, 0.235138
11.308213, 0.119446
11.836517, 0.023724
11.522051, 0.042152
10.389972, 0.060263
10.130013, 0.046826
10.041962, 0.041607
10.205484, 0.035524
10.285149, 0.032580
10.067120, 0.027144
10.096470, 0.023973
10.117434, 0.020380
10.121628, 0.018249
10.155170, 0.015227
10.113241, 0.014129
10.041962, 0.013884
10.033576, 0.012541
10.117434, 0.011749
10.088084, 0.011470
10.192906, 0.011360
10.243221, 0.010380
10.109049, 0.010844
10.243220, 0.010653
10.008419, 0.008254
10.138398, 0.006979
10.184520, 0.005938
10.067120, 0.004255
10.117435, 0.003714
10.071312, 0.004938
10.079698, 0.001928
10.071312, 0.001328
10.058734, 0.001401
10.125820, -0.000289
10.046155, -0.000232
10.159363, 0.000726
10.092276, 0.000500
10.029383, -0.000594
10.079699, 0.000181
10.071313, 0.000517
10.025191, -0.000026
10.155170, 0.000683
10.071312, 0.000934
12.012618, 0.002329
10.083891, 0.001496
12.067126, 0.001690
11.610102, -0.009465
11.878446, -0.023285
10.331271, 0.000530
10.297728, 0.023745
10.109049, 0.018807
10.109048, 0.014878
10.389971, 0.009171
10.469637, -0.010361
10.226450, -0.013465
10.067120, -0.011232
11.949726, -0.010378
10.033576, -0.006749
10.125820, -0.012217
11.828132, -0.036669
10.268377, -0.046009
10.092277, -0.053486
10.410936, -0.048884
11.635259, -0.075134
10.058734, -0.091619
10.280956, -0.089806
10.402551, -0.094195
10.243220, -0.094595
11.161463, -0.117116
11.740081, -0.212509
10.486408, -0.176131
10.251607, -0.168673
10.092278, -0.141636
10.696053, -0.241649
10.016805, -0.185350
10.356428, -0.173260
10.746367, -0.147061
10.909889, -0.157399
11.668802, -0.127217
10.369007, -0.070833
11.689766, -0.041903
10.092277, -0.032289
11.006327, -0.051072
11.534629, -0.121160
10.482216, -0.132124
11.496893, 0.034521
10.327078, 0.043035
10.486408, -0.011138
10.817646, -0.014878
10.733788, -0.022953
10.888925, -0.021736
11.169848, -0.018943
10.972784, -0.018781
10.842803, -0.018454
10.947625, -0.014135
10.956011, -0.011481
11.228549, -0.010070
11.077605, -0.003589
10.876347, -0.001758
10.779909, -0.002165
11.102762, -0.001939
10.972782, -0.005998
10.964397, -0.007218
10.842803, -0.007105
10.717016, -0.007828
10.683474, -0.006273
10.851190, -0.005293
10.809260, -0.004998
10.775718, -0.003116
10.528337, -0.004159
10.662510, -0.003791
10.473829, -0.003088
10.582845, -0.003120
10.633159, -0.002793
10.473829, -0.002018
10.465444, -0.002399
10.373199, -0.003131
10.348042, -0.002859
10.431901, -0.003403
10.381586, -0.003327
10.465444, -0.003267
10.264185, -0.003050
10.264185, -0.003316
10.310308, -0.001571
10.398357, -0.001143
10.457058, -0.002558
10.335464, -0.001924
10.339658, -0.002139
10.314500, -0.001203
10.255800, 0.000330
10.289342, 0.001869
10.486408, 0.007018
10.167748, 0.028998
10.138399, 0.035096
10.486407, 0.036307
10.465444, 0.045034
10.130013, 0.057294
10.608002, 0.063432
10.343849, 0.081486
10.406744, 0.080123
10.339657, 0.078372
10.528337, 0.079957
10.083891, 0.094688
10.360620, 0.123765
10.452865, 0.140910
10.654123, 0.141753
10.146784, 0.154630
10.008419, 0.158616
10.138398, 0.148236
10.067120, 0.141499
10.348043, 0.159419
10.335464, 0.169191
10.121626, 0.173175
10.800874, 0.231103
11.392072, 0.140133
11.505280, 0.031720
10.276764, 0.039676
10.310307, 0.053158
10.184520, 0.051781
10.356429, 0.044797
10.373200, 0.037537
10.394164, 0.030467
10.222257, 0.024098
10.218063, 0.020576
10.486408, 0.022010
10.381586, 0.024075
10.444479, 0.019820
10.335464, 0.018975
10.348042, 0.015776
10.272571, 0.012109
10.247414, 0.013211
10.188713, 0.012298
10.285150, 0.010923
10.243220, 0.010063
10.197100, 0.009231
10.100663, 0.007977
10.004227, 0.007313
10.121628, 0.007450
10.104856, 0.007107
10.146784, 0.006568
10.230642, 0.006585
10.050348, 0.005415
10.138399, 0.004746
10.012611, 0.004019
10.067120, 0.004706
10.176135, 0.004759
10.130013, 0.004408
10.088084, 0.004621
10.100662, 0.004915
12.016811, 0.003310
10.079699, 0.003704
10.134206, 0.002614
10.130013, 0.001526
10.092277, 0.001771
10.121627, 0.002056
10.004227, 0.000734
12.008426, -0.001326
10.268378, -0.014250
11.631066, -0.009833
12.029390, -0.000828
10.201292, 0.020252
10.029384, 0.003542
10.029384, 0.004148
10.062926, 0.003286
10.155169, 0.002495
11.983268, 0.002145
10.184521, 0.003222
11.924568, 0.000905
10.100663, -0.003842
10.696052, -0.025856
10.083891, -0.059096
10.436093, -0.051889
10.071312, -0.045161
10.008419, -0.045445
11.568172, -0.069837
10.272572, -0.095923
10.427708, -0.101704
10.331271, -0.087990
10.310307, -0.089921
11.127919, -0.121317
10.000033, -0.122686
10.297729, -0.107263
10.440286, -0.071818
10.130013, -0.041549
10.167748, -0.038301
10.067120, -0.031857
10.121627, -0.026054
10.050347, -0.021355
10.171942, -0.019875
10.134205, -0.018628
10.197099, -0.025380
10.213871, -0.024852
10.272570, -0.026056
10.276764, -0.022804
10.243220, -0.022155
10.029383, -0.017949
10.104856, -0.016532
10.184520, -0.013079
10.067120, -0.010836
10.138397, -0.008629
10.000034, -0.007181
11.937146, -0.007601
10.012611, -0.004840
11.991655, -0.005102
10.104856, -0.002984
10.029383, -0.002533
10.100662, -0.003393
10.909889, -0.025524
10.645739, -0.062281
10.394165, -0.046249
10.201291, -0.038474
11.329178, -0.076313
10.419321, -0.094684
10.289343, -0.094933
10.239028, -0.081771
10.192906, -0.078267
10.364814, -0.098605
12.125827, -0.121053
10.209678, -0.119342
10.322886, -0.103607
10.364815, -0.087403
11.953918, -0.072052
11.878447, -0.044040
10.587037, -0.074643
10.394165, -0.116565
12.184527, -0.032802
10.360621, 0.031367
10.440287, 0.041650
10.469636, -0.006873
10.532530, -0.032791
10.473829, -0.023977
10.490601, -0.025041
10.490601, -0.019801
10.364815, -0.016638
10.184521, -0.013622
10.503181, -0.010608
10.436094, -0.008967
10.498987, -0.007177
10.385778, -0.005887
10.297728, -0.005945
10.452865, -0.004995
10.079699, -0.010117
11.878446, -0.034781
10.792489, -0.001298
10.754753, 0.022010
10.167748, -0.003891
10.218062, -0.011915
10.218063, -0.005600
10.222257, -0.005004
10.373200, -0.003429
10.176134, -0.002727
10.431900, -0.001541
10.331271, -0.002011
10.259992, -0.002339
10.360621, -0.000211
10.398357, 0.000604
10.289343, -0.000794
10.339657, 0.000558
10.297728, 0.001564
10.423514, 0.002239
10.247414, 0.002094
10.440287, 0.002520
10.226449, 0.001439
10.171942, 0.001684
10.306114, 0.001026
10.310307, -0.000268
10.310308, -0.002692
10.457058, -0.003163
10.150977, -0.006405
10.226448, -0.006079
10.184520, -0.007956
10.306114, -0.008461
10.138398, -0.009201
10.276764, -0.010408
10.247414, -0.019373
10.331272, -0.017641
10.146784, -0.011896
10.255799, -0.008344
10.318693, -0.006473
10.255800, -0.005549
10.377393, -0.005666
10.171941, -0.001181
10.146784, -0.002094
10.297729, -0.001850
10.226449, -0.002233
10.201292, -0.002605
10.000033, -0.001437
10.125820, -0.001658
10.092277, -0.002022
10.092277, -0.001154
10.163555, -0.001435
10.029384, -0.000517
10.050348, 0.000854
10.062926, 0.003246
10.184520, 0.011302
10.226449, 0.016921
10.117434, 0.015510
10.289343, 0.014456
10.092277, 0.015235
11.987461, 0.016591
11.987461, 0.013754
10.012612, 0.012385
10.146785, 0.011745
10.092277, 0.012017
10.280956, 0.016915
10.247414, 0.021280
10.192906, 0.020889
11.983268, 0.020327
11.945533, 0.014463
12.021004, 0.011926
10.461251, 0.010361
10.381585, -0.003093
11.819745, -0.012683
11.748466, -0.003661
11.706538, -0.002133
10.096469, -0.000049
10.020998, 0.001737
11.903604, 0.000377
10.071313, 0.000134
11.953918, -0.002682
10.121628, -0.004080
11.513665, -0.022319
10.255800, -0.050070
10.092277, -0.054629
10.033577, -0.049955
10.167748, -0.044789
10.935047, -0.052400
11.438193, -0.091268
11.735888, -0.123322
10.285150, -0.104824
10.285150, -0.084629
10.360620, -0.065984
11.354336, -0.031822
10.503180, -0.020463
11.891025, -0.024352
10.146785, -0.016432
10.314500, -0.020618
10.230643, -0.023245
10.058734, -0.022734
10.218063, -0.021949
10.201291, -0.020288
10.134206, -0.021593
10.012612, -0.019188
10.121627, -0.018660
10.306114, -0.016885
10.155169, -0.018688
10.201292, -0.014989
11.903604, -0.015906
10.033576, -0.011298
10.079698, -0.010959
10.163555, -0.013628
10.171942, -0.012918
10.134207, -0.012341
11.903604, -0.012881
10.004227, -0.010702
10.180327, -0.009657
12.021005, -0.010989
10.088084, -0.006532
11.899410, -0.006877
11.853289, -0.005740
10.000033, -0.002850
11.991654, -0.002799
10.025190, -0.002211
10.029384, -0.001545
11.815553, -0.002414
11.748466, -0.002707
10.008419, -0.001486
12.000040, -0.003174
11.937147, -0.001256
10.037769, -0.000743
11.853289, -0.002784
11.794588, -0.002375
10.046155, -0.001490
10.008419, -0.002199
10.025190, -0.000713
11.958111, -0.001639
11.945532, -0.003769
11.903604, -0.003429
10.092277, -0.003452
10.067120, -0.006100
10.100662, -0.003465
11.907797, -0.005817
11.949726, -0.005496
11.899410, -0.003495
10.004227, -0.002710
10.058734, -0.000460
10.000033, 0.001215
11.840711, 0.000649
11.891025, 0.000990
12.000040, 0.000864
10.037768, -0.000564
10.134205, -0.002090
10.088084, -0.004732
11.966497, -0.006986
11.966496, -0.006445
10.000033, -0.004614
10.109048, -0.004536
11.962304, -0.004195
10.041962, -0.003927
11.945533, -0.004540
11.941339, -0.005798
11.991654, -0.005272
10.016804, -0.003742
12.000040, -0.004678
10.012611, -0.004193
11.903604, -0.005766
11.849096, -0.004551
10.075506, -0.003821
10.092277, -0.003759
10.075505, -0.005772
11.979075, -0.008224
11.941339, -0.009963
10.083890, -0.007677
10.050348, -0.008112
10.083890, -0.007196
11.945533, -0.006068
11.945532, -0.004695
12.050354, -0.003376
11.974882, -0.002437
11.987461, -0.000377
10.150977, -0.000409
11.995847, -0.000023
11.953918, -0.000466
10.155171, 0.000109
10.125820, 0.000223
10.041962, -0.001513
10.348042, -0.001690
11.924568, -0.005777
10.020998, -0.003929
10.050348, -0.003080
10.025190, -0.002918
10.058734, -0.001054
11.903604, -0.000470
11.953918, -0.000858
11.945532, 0.001794
11.962304, 0.002348
11.924568, 0.001945
10.100662, 0.002492
11.832324, 0.001820
11.882640, 0.001354
10.008419, -0.000004
11.987462, -0.001845
12.033583, -0.003435
10.125820, -0.002927
11.865868, -0.004136
11.941339, -0.004327
10.046155, -0.002695
12.008426, -0.003944
11.987461, -0.002484
11.970689, -0.002011
11.807167, -0.002854
10.067120, -0.002901
10.071312, -0.004621
10.000033, -0.005462
10.155170, -0.004700
11.857482, -0.006828
10.004227, -0.005004
11.979075, -0.004836
10.020998, -0.004817
10.121627, -0.004540
10.004227, -0.004063
11.911989, -0.003987
11.983269, -0.003220
10.025190, -0.000679
10.025191, 0.000013
10.025190, 0.000013
12.000040, 0.000285
10.033577, -0.000013
11.865868, -0.001975
10.037769, -0.000939
10.155170, -0.003212
10.146784, -0.005451
10.197098, -0.005806
10.008418, -0.014078
10.004227, -0.011981
10.037769, -0.009329
10.088084, -0.007771
10.092277, -0.004329
10.121627, -0.001375
11.941339, 0.000926
11.949724, 0.001786
11.979076, 0.001735
10.050347, 0.000656
10.025190, 0.000736
11.928761, 0.000687
11.870060, 0.000049
11.937146, -0.000968
11.974883, -0.000777
10.083891, -0.000279
11.966496, 0.001790
11.878447, -0.000419
10.230641, -0.002005
11.970690, -0.005004
10.096469, -0.003686
10.142591, -0.003116
10.083891, -0.002863
11.945532, -0.002303
11.953918, -0.001741
11.928761, -0.000664
10.192906, -0.001686
12.016811, -0.005093
10.037769, -0.003738
11.966496, -0.003514
11.932955, -0.002839
10.025190, -0.002824
10.050347, -0.002995
10.054541, -0.003039
10.104856, -0.003259
11.807167, -0.004744
11.878446, -0.005643
10.075505, -0.004199
10.117435, -0.003814
10.096470, -0.002154
10.054542, -0.001705
11.782010, -0.001569
10.025191, -0.000155
12.004232, 0.000155
10.029384, -0.000085
10.067119, 0.000134
11.958111, -0.001196
11.819746, -0.002001
10.020998, -0.000617
11.983269, -0.001354
10.155170, -0.003165
10.033576, -0.002782
11.895218, -0.005051
10.096469, -0.005466
11.924568, -0.007284
10.029383, -0.006134
10.092277, -0.004832
10.050348, -0.003908
11.916182, -0.004216
11.886832, -0.002469
11.970690, -0.000006
10.054541, 0.000270
10.029384, 0.001462
10.075505, 0.001611
11.911989, 0.001100
11.849096, 0.001264
10.050348, 0.001437
10.062926, -0.000089
10.142591, -0.001381
10.197100, -0.002371
10.020998, -0.006524
10.201292, -0.006681
10.096470, -0.002729
10.201292, -0.002652
10.150978, -0.001673
10.184521, -0.002967
10.008419, -0.004680
11.861674, -0.005719
11.987461, -0.003461
10.041962, -0.004248
11.970690, -0.004659
10.054540, -0.003904
11.861675, -0.005751
11.752660, -0.003337
10.054541, -0.001043
11.987461, -0.000336
12.000040, 0.001090
10.046155, -0.000475
11.832324, -0.002433
11.798782, -0.003563
10.117435, -0.003142
12.016811, -0.005581
10.100662, -0.006436
11.953918, -0.008056
11.987461, -0.011181
10.121627, -0.011308
10.037769, -0.009635
10.113241, -0.009961
10.213871, -0.009293
11.987462, -0.012811
10.000033, -0.010251
11.945533, -0.011023
10.113241, -0.009510
10.083891, -0.008422
10.025190, -0.010225
10.348043, -0.011943
11.974882, -0.020833
10.423514, -0.018586
10.213870, -0.017200
10.272572, -0.012903
11.974882, -0.013362
11.995848, -0.011883
10.180326, -0.008776
10.075504, -0.010359
10.130013, -0.011528
10.142591, -0.011191
10.125820, -0.015329
11.995847, -0.018460
10.004226, -0.012590
10.092278, -0.010732
10.062926, -0.009355
11.895218, -0.010140
11.861674, -0.010368
12.062933, -0.012558
10.230642, -0.014109
10.041962, -0.018207
10.046154, -0.015795
11.832325, -0.015910
11.891026, -0.012130
10.050348, -0.009054
10.016805, -0.008997
10.176134, -0.008688
11.924567, -0.014350
10.008420, -0.015418
10.130013, -0.014175
10.125820, -0.017304
10.029384, -0.016747
10.037769, -0.014740
12.004233, -0.015135
11.907797, -0.013929
11.815552, -0.011924
10.088083, -0.008910
11.995848, -0.010853
11.937147, -0.012068
11.937146, -0.014750
10.050347, -0.014842
11.979075, -0.017060
11.966496, -0.014969
10.096469, -0.012196
10.050347, -0.011570
10.029384, -0.014935
10.004226, -0.014263
10.004227, -0.014352
10.016805, -0.011266
12.004232, -0.012903
10.054541, -0.013139
11.953918, -0.016698
10.075504, -0.013279
10.088083, -0.011698
10.079699, -0.012407
10.125820, -0.011302
11.895218, -0.017047
10.033576, -0.013992
10.079699, -0.016010
10.096470, -0.023330
11.886831, -0.022278
10.000033, -0.014744
10.037769, -0.008995
11.937146, -0.009535
10.079699, -0.006400
10.130013, -0.005719
11.903604, -0.009533
11.924568, -0.010876
10.025190, -0.013837
10.188713, -0.015331
10.259992, -0.016664
10.184520, -0.016930
11.849095, -0.019850
10.046154, -0.015223
10.025190, -0.013190
11.966496, -0.013465
10.037769, -0.009508
11.941339, -0.010442
11.840711, -0.010621
11.974883, -0.011741
11.970689, -0.018767
10.117435, -0.023134
11.907797, -0.020391
10.000033, -0.013645
10.008419, -0.010678
10.012611, -0.008863
10.033577, -0.007307
11.983269, -0.008331
10.025190, -0.008537
11.941339, -0.014307
10.050348, -0.013905
10.117435, -0.014397
10.100662, -0.015521
10.104856, -0.012907
10.000032, -0.012545
10.033577, -0.013092
11.949726, -0.016372
10.234836, -0.016298
10.062926, -0.019041
11.790395, -0.026050
11.865868, -0.030090
11.949725, -0.022813
11.907796, -0.018835
10.025190, -0.025456
10.431900, -0.052571
11.970690, -0.087733
10.067120, -0.076233
10.243219, -0.069996
10.201292, -0.068262
10.234835, -0.078442
11.018905, -0.115945
10.603808, -0.199776
11.543015, -0.216455
11.991655, -0.208024
10.012612, -0.138864
11.882639, -0.093743
10.448673, -0.152225
11.232742, -0.188070
10.268377, -0.139069
10.058734, -0.091496
10.402551, -0.059218
11.262092, -0.185939
10.993748, -0.125996
10.159363, -0.093479
10.662510, -0.102579
10.142591, -0.110320
11.517858, -0.147746
10.700245, -0.069370
11.090183, -0.010595
11.442386, 0.059037
11.199199, 0.053673
11.681380, -0.020216
12.410942, -0.035637
10.243220, 0.018779
10.620581, 0.071256
11.044063, 0.112980
11.526244, 0.140876
11.735888, 0.138066
11.832324, 0.099956
10.826032, 0.061870
11.295635, 0.076690
11.748467, 0.105280
11.685574, 0.116271
11.295635, 0.130202
11.685574, 0.151280
11.337564, 0.162184
11.236935, 0.174448
11.517859, 0.190343
11.517858, 0.192678
10.989554, 0.188538
10.976975, 0.181523
10.767331, 0.172643
10.301922, 0.211749
10.457059, 0.012639
12.167755, -0.035077
11.945533, 0.007209
11.249514, 0.030347
11.195005, 0.040998
10.058734, 0.002339
10.457058, -0.032684
10.935046, -0.046541
11.417229, -0.046511
11.802975, -0.059386
11.358528, -0.071756
11.563980, -0.076788
10.905697, -0.110701
11.077605, -0.193385
10.268378, -0.146865
11.144692, -0.174882
10.679281, -0.167232
10.704437, -0.140886
11.090184, -0.085281
10.071313, -0.038874
10.448672, -0.220535
11.480123, -0.132341
11.962304, -0.100278
11.442387, -0.062146
11.337564, -0.088252
11.392072, -0.160579
12.037776, -0.135612
11.622680, -0.103032
11.475929, -0.084853
11.249512, -0.134054
12.498994, -0.141127
10.083891, -0.141265
10.729595, -0.063370
11.622680, -0.039372
10.645738, -0.025280
11.802974, 0.023179
11.920376, 0.043657
11.312407, 0.047980
10.423514, 0.080121
10.251606, 0.098230
10.264185, 0.072440
11.060833, 0.009118
11.366915, 0.011779
11.392072, 0.043914
12.029390, 0.096974
11.790396, 0.126277
11.278864, 0.146288
11.555593, 0.141793
11.786203, 0.134786
11.434000, 0.116490
11.656223, 0.104873
11.505280, 0.119200
11.714924, 0.164121
11.329178, 0.167999
11.471737, 0.187353
11.366914, 0.185769
10.997940, 0.177353
11.413036, 0.162037
11.090184, 0.143704
11.140499, 0.134601
11.312407, 0.118527
11.006326, 0.090116
10.838611, 0.020335
10.616387, 0.015063
10.951818, -0.016161
10.729595, -0.016223
10.918276, -0.013354
11.241127, -0.011645
11.308213, -0.025297
10.880539, -0.064986
11.341757, -0.077105
11.153076, -0.064390
10.130013, -0.062383
10.578651, -0.080790
10.985362, -0.102476
10.830225, -0.122484
11.291442, -0.129618
11.035675, -0.131628
10.746367, -0.134678
10.771524, -0.137396
10.515759, -0.131166
10.591230, -0.121988
10.662509, -0.151358
10.721210, -0.150441
10.708632, -0.158323
10.494794, -0.145705
10.327078, -0.165717
10.570265, -0.186412
10.863768, -0.162348
10.222256, -0.129214
10.465444, -0.080541
11.693959, -0.034002
10.406743, 0.018343
10.327078, 0.012087
10.721210, 0.006762
10.742174, -0.000890
10.855382, 0.000500
10.654124, 0.023739
10.817646, 0.047543
10.712824, 0.066122
10.893118, 0.070579
10.805068, 0.063068
10.800875, 0.070405
10.746367, 0.078695
10.775717, 0.080966
10.490601, 0.090957
10.616387, 0.110145
10.784102, 0.094175
10.792489, 0.068468
10.603808, 0.051432
10.620581, 0.043454
10.612195, 0.035864
10.612195, 0.030777
10.511565, 0.024954
10.410936, 0.025816
10.545109, 0.026229
10.494794, 0.031788
10.247414, 0.058247
10.431901, 0.051523
10.389972, 0.051781
10.427708, 0.044093
10.243220, 0.041501
10.444479, 0.037935
10.306113, 0.039987
10.385778, 0.034851
10.285149, 0.028998
10.314500, 0.022979
10.465445, 0.017909
10.956011, -0.033859
10.398356, -0.032595
10.171942, -0.024403
10.255800, -0.019173
10.595423, -0.017922
10.486407, -0.022376
10.259993, -0.028764
10.436092, -0.029741
10.452866, -0.049921
10.448671, -0.046175
10.184521, -0.039080
10.356428, -0.029977
10.322886, -0.019107
10.628966, 0.009269
10.113241, 0.012771
10.360620, 0.025009
10.352236, 0.025277
10.213871, 0.021655
10.159363, 0.019520
10.239028, 0.019552
10.092277, 0.032025
10.251606, 0.055840
10.276763, 0.050849
10.318693, 0.043780
10.234835, 0.038180
10.377393, 0.030794
10.201291, 0.021116
11.622680, 0.004672
10.259993, -0.028183
10.251607, -0.027357
10.117434, -0.022745
10.159363, -0.018256
10.092277, -0.014556
10.335464, -0.013833
10.289343, -0.013765
10.067120, -0.038046
10.356428, -0.070205
10.067120, -0.050061
10.310306, -0.042688
10.138399, -0.034928
10.171942, -0.016583
10.125820, 0.009178
10.016805, 0.007622
10.117435, 0.008812
10.197098, 0.008286
10.184520, 0.008199
10.239027, 0.022717
10.259993, 0.024226
10.197099, 0.030603
10.209678, 0.036712
10.117435, 0.044246
10.100662, 0.039227
10.180327, 0.044529
10.201292, 0.040251
10.163556, 0.033323
10.159364, 0.025216
10.402551, 0.015329
11.786203, -0.045736
10.222256, -0.040832
10.197099, -0.031778
10.062927, -0.014891
10.155169, -0.012175
10.180327, -0.010474
10.293535, -0.013173
10.079699, -0.033340
11.304021, -0.088976
10.737981, -0.065033
12.079704, -0.037224
10.272571, 0.005040
10.519951, 0.007258
10.318692, 0.005811
10.159363, 0.004202
10.171942, 0.004876
10.213871, 0.006492
10.264185, 0.009889
10.385779, 0.036494
10.322886, 0.036680
10.192906, 0.034619
10.410936, 0.033959
10.159363, 0.048639
10.180327, 0.051502
10.155169, 0.044033
10.276763, 0.032182
10.155170, 0.017255
10.171942, 0.007562
10.029383, -0.000362
10.490602, -0.029262
10.192906, -0.025995
10.134205, -0.021557
10.209678, -0.017530
10.301922, -0.016802
10.130013, -0.022649
10.536722, -0.040849
10.389972, -0.061502
10.314500, -0.047616
10.301921, -0.038427
10.142591, -0.029496
10.167748, -0.016908
10.197100, -0.009929
10.243220, -0.006941
11.903604, -0.002861
10.067120, 0.012354
10.037769, 0.002114
10.041962, 0.004397
10.255799, 0.004012
10.067120, 0.002022
10.138399, 0.001628
10.025190, 0.002039
11.962304, 0.001965
11.911989, 0.004244
10.100663, 0.008386
10.138399, 0.009529
10.163557, 0.013680
10.046155, 0.016702
11.970690, 0.020618
10.222257, 0.015276
10.327079, 0.014014
11.966496, 0.019169
10.113242, 0.013116
10.121628, 0.013356
10.079699, 0.013752
11.878447, 0.020774
10.104856, 0.018947
12.004232, 0.023647
10.008419, 0.018658
10.314500, 0.018098
10.016805, 0.021461
10.071312, 0.017268
11.966496, 0.019467
10.016805, 0.017513
10.012612, 0.017094
10.016806, 0.017643
10.054541, 0.020310
10.033575, 0.019709
10.092276, 0.018956
10.004227, 0.019331
10.041962, 0.019179
11.911989, 0.027046
10.067120, 0.020980
10.012612, 0.018752
10.092277, 0.018337
10.062926, 0.018967
12.000040, 0.024158
11.949725, 0.027529
10.041962, 0.022172
10.109049, 0.019341
10.079699, 0.018002
10.083891, 0.019533
10.008419, 0.020097
10.025191, 0.020503
10.046155, 0.022574
10.083891, 0.022960
10.050348, 0.021123
10.092277, 0.020999
10.192905, 0.019422
10.029385, 0.019950
10.033576, 0.018173
10.041962, 0.016902
11.924568, 0.021783
10.000033, 0.018164
10.121627, 0.020601
10.041962, 0.022074
10.125819, 0.021121
10.092278, 0.020916
11.974883, 0.024243
10.033576, 0.023275
10.054542, 0.021448
10.062927, 0.021472
10.058734, 0.021027
10.062926, 0.021387
10.125820, 0.019597
11.974882, 0.025137
10.117434, 0.022274
11.983268, 0.025280
10.079699, 0.017781
11.962304, 0.020454
10.138399, 0.019058
11.899411, 0.024871
11.995848, 0.025620
10.008419, 0.021321
11.937147, 0.021468
10.046155, 0.017070
10.000033, 0.018466
10.083891, 0.019984
11.962303, 0.022900
11.924568, 0.023939
11.932954, 0.025209
10.041962, 0.020250
10.000033, 0.019156
10.046155, 0.019486
10.067120, 0.019156
12.104861, 0.022794
10.008419, 0.023979
10.008419, 0.024026
10.067120, 0.021046
10.016806, 0.018277
10.008418, 0.017992
10.058733, 0.016602
11.861674, 0.019744
11.559787, 0.012683
11.538822, -0.024075
10.041962, -0.033021
11.979076, -0.030639
10.079698, -0.024571
11.392073, -0.064030
11.836517, -0.084487
10.079698, -0.059060
11.195005, -0.071671
10.100662, -0.086983
12.046162, -0.111665
10.016804, -0.085136
10.981169, -0.110543
10.092277, -0.099775
10.033576, -0.095944
10.025191, -0.083557
10.125820, -0.069134
10.142591, -0.049718
10.054541, -0.037963
10.083891, -0.029581
10.150977, -0.024786
11.953918, -0.026418
11.882639, -0.021306
11.874252, -0.018088
10.138398, -0.025556
11.865868, -0.042573
11.316599, -0.033191
10.008419, -0.057260
10.352236, -0.095265
10.570266, -0.021870
11.639452, 0.071024
10.909889, 0.105786
11.534630, -0.026312
10.431902, -0.060831
10.750561, -0.034992
10.092277, -0.004150
11.949725, 0.027176
10.138398, 0.002014
10.478023, -0.001503
10.545108, -0.005813
10.427708, -0.004089
10.272572, -0.005191
10.763138, -0.013209
10.532530, -0.013716
10.394165, -0.008631
10.394164, -0.007667
10.415129, -0.005966
10.649930, -0.005715
10.494794, -0.003472
10.318692, -0.001645
10.364815, -0.000624
10.389972, 0.000607
10.444479, 0.000564
10.486408, -0.000966
10.364814, 0.000794
10.234835, -0.000639
10.343849, 0.000536
10.188713, 0.000317
10.469637, -0.000096
10.381586, 0.000656
10.394164, 0.001794
10.289342, 0.001081
10.142591, 0.000343
10.255798, -0.000258
10.272571, -0.000854
10.276764, -0.000722
10.327078, 0.000168
10.125820, 0.000328
10.071313, -0.000811
10.150977, -0.001279
10.255799, -0.003410
10.306114, -0.003397
10.197099, -0.002563
10.209678, -0.001909
10.000033, -0.001243
10.096470, -0.000594
10.142591, 0.001481
10.197098, 0.002056
10.268378, 0.002497
10.125820, 0.004576
10.104856, 0.003371
11.081797, -0.002595
10.222257, -0.047682
10.067120, -0.063583
10.314501, -0.042520
10.536723, -0.049022
11.538822, -0.086247
10.331270, -0.105301
10.289342, -0.094676
10.389972, -0.081505
10.423515, -0.084736
10.440287, -0.104079
10.230641, -0.097336
10.398357, -0.081403
10.494794, -0.066174
10.352236, -0.061259
10.452866, -0.055978
10.285151, -0.058432
10.230641, -0.066440
10.155170, -0.080932
10.331271, -0.061627
10.301921, -0.051943
10.142591, -0.043108
10.280956, -0.030152
10.280956, -0.017758
10.335464, -0.002120
10.410935, 0.003406
10.071312, 0.003259
10.150977, 0.003859
10.104855, 0.005496
10.134205, 0.005585
10.218063, 0.008452
10.222257, 0.018741
10.192906, 0.017736
10.121627, 0.016840
10.268378, 0.020691
10.104856, 0.024641
10.259993, 0.023902
10.218063, 0.024277
10.259993, 0.033636
10.058734, 0.030411
10.146784, 0.027506
10.012612, 0.025575
10.113241, 0.024779
10.033576, 0.020452
10.071312, 0.016023
10.050348, 0.012192
10.041963, 0.010557
10.171942, 0.005992
10.075505, -0.005915
10.025190, -0.018928
10.188713, -0.016838
11.941339, -0.021908
10.192906, -0.016378
10.016805, -0.018113
10.842804, -0.035079
10.109048, -0.045906
10.251606, -0.027236
10.293535, -0.024584
10.142591, -0.020152
10.218063, -0.018132
10.725403, -0.036903
10.138399, -0.059993
10.272571, -0.036933
10.192905, -0.036024
10.092278, -0.029837
10.180327, -0.026684
10.104856, -0.024760
10.784103, -0.036273
10.360620, -0.064498
10.218064, -0.059486
10.197099, -0.045098
10.054541, -0.035134
10.222257, -0.031120
10.067120, -0.029292
10.104855, -0.027278
10.083891, -0.027810
10.230642, -0.044127
10.352236, -0.058198
12.037776, -0.049718
10.054540, -0.034191
10.205484, -0.025869
10.180327, -0.010385
11.832325, 0.001822
10.373200, 0.021229
10.025191, 0.016691
10.138399, 0.012345
10.138399, 0.009646
10.142591, 0.008088
10.067120, 0.006436
11.995847, 0.008020
10.159363, 0.008120
10.125820, 0.020852
12.100669, 0.045862
11.689766, 0.027406
10.025190, 0.025001
10.180327, 0.025675
10.167748, 0.028958
10.079699, 0.031333
10.159363, 0.032940
12.016811, 0.045351
10.083892, 0.033636
10.062926, 0.033506
10.088083, 0.029383
10.067120, 0.025942
11.920375, 0.023702
12.021004, 0.018102
11.941339, 0.011415
10.121628, 0.004957
12.079705, -0.008054
10.029383, -0.028085
11.849096, -0.030399
12.012618, -0.024173
10.004227, -0.017185
10.067120, -0.013850
10.000033, -0.012775
10.130013, -0.011560
10.054541, -0.011749
11.400457, -0.036635
10.000033, -0.048880
10.150977, -0.038380
10.121627, -0.032189
11.991653, -0.031622
11.979076, -0.026342
11.215970, -0.026063
11.287250, -0.060216
10.033576, -0.050827
10.083891, -0.042248
10.037769, -0.036384
10.171942, -0.031733
10.213870, -0.028061
10.130013, -0.030818
10.113241, -0.038346
10.125819, -0.048152
10.067120, -0.046843
10.146784, -0.039427
10.025191, -0.034962
11.949725, -0.035011
10.008419, -0.025380
10.037769, -0.021368
10.033576, -0.013348
10.083891, -0.001283
11.853289, 0.000747
11.962304, 0.005811
10.100662, 0.008667
10.104856, 0.009378
10.150976, 0.014703
11.974882, 0.027133
11.979074, 0.025356
11.970689, 0.022851
10.008419, 0.021849
10.104856, 0.020559
12.033583, 0.034419
10.113241, 0.027791
10.029384, 0.027544
10.276764, 0.028949
10.146785, 0.031437
10.016805, 0.034794
10.100662, 0.036145
10.230642, 0.033695
10.096470, 0.038191
10.104856, 0.027087
10.075504, 0.023083
11.865868, 0.020044
11.652031, 0.002041
10.130013, -0.027766
10.008419, -0.021795
10.268378, -0.018188
11.949725, -0.016693
11.853289, -0.011096
10.109048, -0.007914
10.071313, -0.009957
10.012612, -0.008518
11.513665, -0.011877
10.956011, -0.053756
12.050355, -0.057715
11.849096, -0.021783
11.995848, -0.014697
10.088084, -0.031705
11.891026, -0.074936
11.911989, -0.048505
11.995847, -0.038580
10.046155, -0.025673
11.970690, -0.027844
10.641545, -0.028345
10.113241, -0.071695
11.597523, -0.100267
10.335464, -0.060203
11.547208, -0.034475
10.339658, -0.019999
10.519951, -0.022591
10.335464, -0.021640
10.352236, -0.023430
10.335464, -0.028817
10.234836, -0.024660
10.360621, -0.020414
10.276764, -0.015987
11.882639, -0.006004
10.511564, 0.029541
10.310308, 0.026733
10.310308, 0.021176
10.234836, 0.015576
10.377393, 0.010923
10.033577, 0.015904
10.146785, 0.024788
10.012612, 0.017741
10.088083, 0.013396
10.205485, 0.014484
10.310307, 0.018022
10.243221, 0.038602
10.251607, 0.037812
10.293535, 0.034451
10.213871, 0.030375
10.331270, 0.029273
11.622680, 0.052892
10.285150, 0.035136
10.142591, 0.016876
10.364814, 0.004678
10.100662, -0.000528
10.142591, -0.025746
10.016806, -0.039613
10.092277, -0.033340
10.247414, -0.030286
10.205484, -0.032323
10.247414, -0.028789
10.117435, -0.031367
11.966496, -0.032316
10.134205, -0.022193
10.016805, -0.019286
10.155170, -0.015678
11.861675, -0.017413
11.962304, -0.017453
10.058733, -0.013094
10.025190, -0.012277
10.138399, -0.012017
11.932954, -0.011149
11.937146, -0.010510
12.008427, -0.009887
12.033584, -0.009604
10.033577, -0.008427
10.008419, -0.007384
11.786202, -0.008665
11.886832, -0.005496