10.190073 0.036297
22.774529 0.161982
33.154231 0.232048
43.406018 0.232266
53.985490 0.063459
65.014418 -0.108057
77.006707 -0.322243
88.732331 -0.505257
100.937354 -0.622349
112.962507 -0.745325
125.179056 -0.750326
137.459862 -0.804102
149.214943 -0.762433
160.989201 -0.769123
172.182284 -0.706165
183.657866 -0.679741
194.531732 -0.617469
205.733065 -0.576073
216.440028 -0.515048
227.645380 -0.461182
238.475506 -0.401698
249.484243 -0.347461
260.138962 -0.329992
271.025445 -0.320315
281.626303 -0.483391
292.396338 -0.633052
302.892156 -1.204604
313.529237 -1.647739
323.838471 -2.825556
334.269570 -3.681236
344.568870 -4.725617
354.729320 -5.981135
364.866295 -7.512985
374.957544 -9.350328
384.925825 -11.454017
394.739942 -13.837970
404.433885 -16.578019
413.965939 -19.681672
423.314543 -23.172403
432.461125 -27.045863
441.394489 -31.320788
450.102170 -35.995764
458.495478 -41.089502
466.547076 -46.519889
474.350961 -52.375806
481.869250 -58.572054
489.116499 -65.181151
496.087116 -72.200360
502.751700 -79.624227
509.104487 -87.450759
515.143586 -95.590135
520.869057 -104.111693
526.279572 -112.931165
531.375872 -122.022524
536.157779 -131.440033
540.629797 -141.095318
544.801736 -150.974123
548.676720 -161.050537
552.271569 -171.393121
555.594716 -181.975987
558.647644 -192.695341
561.392252 -203.485133
563.847990 -214.316796
566.088581 -225.236080
568.129838 -236.243012
569.949011 -247.248157
571.578605 -258.238286
573.042561 -269.273067
574.369234 -280.346744
575.571706 -291.442094
576.664172 -302.561245
577.650604 -313.681845
578.559582 -324.890219
579.376631 -336.094175
580.129512 -347.385463
580.811200 -358.614830
581.431357 -369.776985
581.997872 -380.951392
582.513525 -392.054923
582.992656 -403.163315
583.429844 -414.189448
583.836898 -425.279076
584.216805 -436.455795
584.565068 -447.565913
584.891274 -458.677863
585.198303 -469.803491
585.490098 -480.954016
585.764591 -492.038821
586.023563 -503.048387
586.272209 -514.069944
586.510907 -525.102856
586.740265 -536.144278
586.962191 -547.265116
587.177002 -558.442281
587.386375 -569.687739
587.591157 -581.008477
587.789677 -592.325129
587.982896 -603.644486
588.171185 -614.960118
588.354242 -626.281444
588.532678 -637.607455
588.707050 -648.862766
588.878664 -660.128346
589.046523 -671.333844
589.211442 -682.550413
589.372838 -693.769841
589.530211 -704.912748
589.686344 -716.057877
589.841866 -727.200408
589.997745 -738.423320
590.151820 -749.570080
590.304518 -760.704025
590.455589 -771.899930
590.604168 -783.163616
590.749638 -794.482264
590.891506 -805.854081
591.029299 -817.206111
591.163723 -828.559397
591.296284 -839.988489
591.427075 -851.492181
591.555580 -863.063659
591.680973 -874.623950
591.805077 -886.193080
591.928576 -897.769234
592.050479 -909.349615
592.170031 -920.929820
592.288627 -932.503419
592.408797 -944.079004
592.532077 -955.645726
592.658071 -967.216021
592.785681 -978.858261
592.913675 -990.493479
593.044684 -1002.195409
593.178923 -1013.959639
593.314004 -1025.722857
593.449069 -1037.481264
593.583705 -1049.235266
593.718706 -1061.073457
593.853041 -1072.909049
593.988487 -1084.822208
594.125385 -1096.733946
594.264752 -1108.653275
594.405378 -1120.500829
594.546311 -1132.354796
594.685722 -1144.208571
594.823937 -1156.138526
594.960921 -1168.143462
595.096206 -1180.142801
595.231145 -1192.065368
595.367921 -1203.999341
595.505389 -1215.943931
595.641778 -1227.884123
595.776195 -1239.745154
595.909741 -1251.529219
596.043597 -1263.316689
596.176056 -1275.035817
596.305735 -1286.763997
596.431577 -1298.500844
596.553591 -1310.232927
596.672649 -1321.967046
596.788822 -1333.707411
596.900278 -1345.445826
597.006875 -1357.188306
597.111435 -1369.004971
597.215113 -1380.898819
597.318677 -1392.867838
597.421348 -1404.834060
597.521955 -1416.721923
597.620060 -1428.618829
597.714733 -1440.522382
597.806218 -1452.426568
597.897272 -1464.411743
597.989288 -1476.401721
598.082422 -1488.314518
598.175525 -1500.159162
598.266972 -1511.931251
598.356041 -1523.708965
598.443065 -1535.483691
598.528443 -1547.176247
598.613622 -1558.786016
598.699119 -1570.325219
598.785383 -1581.871631
598.872242 -1593.416434
598.960435 -1604.958217
599.050918 -1616.579959
599.142875 -1628.204293
599.235872 -1639.828017
599.328848 -1651.375567
599.421543 -1662.845946
599.514593 -1674.240349
599.613461 -1685.634876
599.723654 -1696.958993
599.858286 -1708.295327
600.023277 -1719.572441
600.228929 -1730.783909
600.487411 -1741.932082
600.810009 -1753.090696
601.204829 -1764.160063
601.680636 -1775.143481
602.242690 -1786.043161
602.891743 -1796.850826
603.653375 -1807.649475
604.505440 -1818.438851
605.446157 -1829.209983
606.473923 -1839.969186
607.583169 -1850.640276
608.766004 -1861.305742
610.014313 -1871.970214
611.319896 -1882.634695
612.676464 -1893.289995
614.079465 -1903.934009
615.537003 -1914.662131
617.033163 -1925.313639
618.573169 -1935.963985
620.144519 -1946.533112
621.743039 -1957.020041
623.372715 -1967.588189
625.029623 -1978.227027
626.710519 -1988.929524
628.407690 -1999.616130
630.113160 -2010.363357
631.811093 -2021.096133
633.493067 -2031.888394
635.145787 -2042.741037
636.755377 -2053.654373
638.310737 -2064.628049
639.803314 -2075.680585
641.223945 -2086.825144
642.564143 -2097.974169
643.823687 -2109.223530
644.973980 -2120.400466
646.040310 -2131.674984
647.024692 -2142.978272
647.929818 -2154.301805
648.759408 -2165.631802
649.518946 -2176.980813
650.214766 -2188.347834
650.854933 -2199.731262
651.445381 -2211.117838
651.990628 -2222.512878
652.482369 -2233.829610
652.934522 -2245.146592
653.340724 -2256.381768
653.713839 -2267.690162
654.058591 -2279.069739
654.372762 -2290.436247
654.661272 -2301.807822
654.927646 -2313.193897
655.174037 -2324.526761
655.402504 -2335.797839
655.614891 -2346.995975
655.814206 -2358.202455
656.003484 -2369.416791
656.184707 -2380.633511
656.358243 -2391.856004
656.523385 -2403.076448
656.680118 -2414.278787
656.831345 -2425.545762
656.976334 -2436.789583
657.118252 -2448.100809
657.254899 -2459.396882
657.386573 -2470.756585
657.513370 -2482.175706
657.637535 -2493.661823
657.760640 -2505.209497
657.883095 -2516.815917
658.004153 -2528.413136
658.123819 -2540.012579
658.242149 -2551.618856
658.359478 -2563.235969
658.476530 -2574.862908
658.594577 -2586.503066
658.713569 -2598.068847
658.833353 -2609.566866
658.952961 -2620.999338
659.072134 -2632.435422
659.190003 -2643.861898
659.307339 -2655.344109
659.425245 -2666.882442
659.544693 -2678.497134
659.663847 -2690.105614
659.779955 -2701.634541
659.891958 -2713.159691
660.000524 -2724.683864
660.107787 -2736.206041
660.215742 -2747.742847
660.325370 -2759.296876
660.435858 -2770.789556
660.547872 -2782.296050
660.660366 -2793.729971
660.773967 -2805.160674
660.888162 -2816.596783
661.002407 -2828.040710
661.115838 -2839.483844
661.227658 -2850.923786
661.338036 -2862.427488
661.447559 -2874.002963
661.557122 -2885.645991
661.667194 -2897.287010
661.778392 -2908.933828
661.889336 -2920.575037
661.999114 -2932.218262
662.107688 -2943.867112
662.215257 -2955.518175
662.321901 -2967.171652
662.427143 -2978.752174
662.531188 -2990.344134
662.633584 -3001.949739
662.734127 -3013.553757
662.833336 -3025.152372
662.933088 -3036.835575
663.033175 -3048.521382
663.132488 -3060.134228
663.230091 -3071.757102
663.324664 -3083.374980
663.415434 -3094.987469
663.503153 -3106.667937
663.587238 -3118.268859
663.668903 -3129.873614
663.745718 -3141.486013
663.816141 -3153.021657
663.880040 -3164.477339
663.938556 -3175.933838
663.994416 -3187.401174
664.049515 -3198.877135
664.103225 -3210.285352
664.152946 -3221.623833
664.195400 -3232.952703
664.227596 -3244.270133
664.246008 -3255.671655
664.250571 -3267.081241
664.239505 -3278.498827
664.210809 -3289.921316
664.160287 -3301.279394
664.085984 -3312.650692
663.984573 -3323.957876
663.854980 -3335.184783
663.693926 -3346.341782
663.497171 -3357.439724
663.260315 -3368.456265
662.977437 -3379.397041
662.643119 -3390.342180
662.252460 -3401.208126
661.801692 -3411.989112
661.285549 -3422.687841
660.681716 -3433.386805
659.999497 -3444.079650
659.231521 -3454.773307
658.374913 -3465.374806
657.423154 -3475.963385
656.367899 -3486.541323
655.200150 -3497.029932
653.887286 -3507.481048
652.446502 -3517.826998
650.867514 -3528.148194
649.114001 -3538.510788
647.213706 -3548.841521
645.166315 -3559.127028
642.928221 -3569.359545
640.534591 -3579.535636
637.938103 -3589.724844
635.173912 -3599.862382
632.196929 -3610.000054
629.041998 -3620.074835
625.712786 -3630.067532
622.154380 -3640.059244
618.413618 -3649.974650
614.492723 -3659.801618
610.339121 -3669.611953
606.003523 -3679.340403
601.434730 -3689.038346
596.683110 -3698.645670
591.747798 -3708.164947
586.569788 -3717.649259
581.222650 -3726.958366
575.637180 -3736.211348
569.872525 -3745.344273
563.868805 -3754.413527
557.687311 -3763.367414
551.271143 -3772.248938
544.623365 -3781.049208
537.773449 -3789.698904
530.761436 -3798.222885
523.523609 -3806.651490
516.153630 -3814.870300
508.563824 -3822.981218
500.816067 -3830.949967
492.955666 -3838.693141
484.878596 -3846.314734
476.698403 -3853.702964
468.376399 -3860.924007
459.900392 -3867.930984
451.218988 -3874.787808
442.332370 -3881.499566
433.296346 -3887.993618
424.061517 -3894.332491
414.629871 -3900.512400
405.054220 -3906.464712
395.292403 -3912.244343
385.392049 -3917.790083
375.387455 -3923.141428
365.284901 -3928.296330
355.142452 -3933.195146
344.910081 -3937.890969
334.563932 -3942.338566
324.052654 -3946.584687
313.517916 -3950.571202
302.830282 -3954.345812
292.122573 -3957.856180
281.413216 -3961.100604
270.613115 -3964.073506
259.752225 -3966.821153
248.828553 -3969.287114
237.782231 -3971.504248
226.755207 -3973.449021
215.620497 -3975.143456
204.458808 -3976.602323
193.265081 -3977.776336
182.056187 -3978.718120
170.759570 -3979.402378
159.516643 -3979.828713
148.273599 -3979.964211
137.101492 -3979.832952
125.940015 -3979.407060
114.869899 -3978.713865
103.811910 -3977.711525
92.858797 -3976.440769
81.952670 -3974.867108
71.172312 -3973.023140
60.390493 -3970.887413
49.598363 -3968.445349
38.877567 -3965.747180
28.167651 -3962.745936
17.618432 -3959.485509
7.169353 -3955.915639
-3.189279 -3952.096097
-13.432499 -3947.971387
-23.562259 -3943.600718
-33.637223 -3938.929178
-43.559260 -3933.959832
-53.354212 -3928.754051
-62.941887 -3923.322082
-72.361706 -3917.605127
-81.637923 -3911.657184
-90.733494 -3905.434879
-99.672458 -3898.994145
-108.372208 -3892.358186
-116.906136 -3885.510104
-125.190750 -3878.470442
-133.297380 -3871.221870
-141.179730 -3863.720009
-148.867274 -3856.023145
-156.315551 -3848.101013
-163.564011 -3839.993918
-170.522092 -3831.749916
-177.286485 -3823.257649
-183.785024 -3814.560395
-190.058543 -3805.707878
-196.064679 -3796.669500
-201.773074 -3787.536553
-207.256862 -3778.193068
-212.436924 -3768.767679
-217.373544 -3759.138309
-221.992114 -3749.442893
-226.351102 -3739.630843
-230.389638 -3729.763686
-234.163499 -3719.797850
-237.608149 -3709.714679
-240.726238 -3699.608324
-243.557100 -3689.348808
-246.088185 -3678.940703
-248.280661 -3668.541571
-250.176081 -3658.088407
-251.735148 -3647.660758
-253.001143 -3637.198464
-253.970285 -3626.706357
-254.606809 -3616.122373
-254.898141 -3605.465167
-254.875395 -3594.814325
-254.464554 -3584.190868
-253.735560 -3573.594797
-252.657234 -3563.089509
-251.211123 -3552.559884
-249.441002 -3542.077693
-247.337308 -3531.738172
-244.907420 -3521.549733
-242.169318 -3511.443168
-239.049685 -3501.443253
-235.560730 -3491.497325
-231.754588 -3481.744362
-227.643868 -3472.119684
-223.162179 -3462.662419
-218.382252 -3453.352506
-213.242594 -3444.163933
-207.738688 -3435.109123
-201.945788 -3426.235676
-195.807511 -3417.601319
-189.393630 -3409.167830
-182.650268 -3400.986641
-175.663531 -3393.102774
-168.351418 -3385.418728
-160.798957 -3377.980142
-152.928346 -3370.764753
-144.822830 -3363.803177
-136.423113 -3357.097047
-127.830285 -3350.740342
-119.075028 -3344.741968
-110.057024 -3339.040677
-100.899049 -3333.715879
-91.498703 -3328.717853
-81.948353 -3324.063277
-72.226438 -3319.841073
-62.309743 -3316.007396
-52.278260 -3312.545918
-42.144017 -3309.467246
-31.858486 -3306.814757
-21.565257 -3304.630799
-11.219508 -3302.957271
-0.784981 -3301.752487
9.707139 -3301.023609
20.113566 -3300.779989
30.534465 -3301.035110
40.829388 -3301.779917
51.015116 -3303.078235
61.132300 -3304.896856
71.077728 -3307.275489
80.856171 -3310.110286
90.402054 -3313.498222
99.745153 -3317.337335
108.802091 -3321.639083
117.669071 -3326.430920
126.241074 -3331.655413
134.599284 -3337.281656
142.679460 -3343.298544
150.589954 -3349.760100
158.316626 -3356.557337
165.835321 -3363.725705
173.211271 -3371.182247
180.384681 -3378.885011
187.511038 -3386.860470
194.484473 -3394.994546
201.328419 -3403.233523
208.136838 -3411.546295
214.990143 -3419.903080
221.854468 -3428.204663
228.830988 -3436.409278
235.793119 -3444.405354
242.745640 -3452.128091
249.775700 -3459.496536
256.871054 -3466.506529
264.022604 -3473.005324
271.209960 -3479.022970
278.379390 -3484.442390
285.552435 -3489.175261
292.725500 -3493.177159
299.930649 -3496.497107
307.139686 -3499.051568
314.385253 -3500.888691
321.667869 -3501.994699
328.951995 -3502.297796
336.219719 -3501.939141
343.450360 -3500.922138
350.646898 -3499.174381
357.745570 -3496.617037
364.763975 -3493.332714
371.636215 -3489.272146
378.362276 -3484.495860
384.918229 -3479.025744
391.218552 -3472.830336
397.288173 -3465.986537
403.107368 -3458.524922
408.656369 -3450.469525
413.854302 -3441.833416
418.673342 -3432.669837
423.084481 -3423.030935
427.155269 -3412.966451
430.890774 -3402.516395
434.224447 -3391.741179
437.237168 -3380.676101
439.894701 -3369.404650
442.285878 -3357.933971
444.431534 -3346.301591
446.334012 -3334.654646
448.024828 -3323.017573
449.531025 -3311.322276
450.868741 -3299.657039
452.044973 -3287.958105
453.065208 -3276.234321
453.939139 -3264.494724
454.703428 -3252.745310
455.369601 -3240.901902
455.928644 -3229.043083
456.393413 -3217.172533
456.773680 -3205.374712
457.081287 -3193.644025
457.326976 -3181.898629
457.520709 -3170.215574
457.669141 -3158.595244
457.776960 -3147.042225
457.848606 -3135.469815
457.888479 -3123.889760
457.900301 -3112.299873
457.887336 -3100.694105
457.852994 -3089.074395
457.800676 -3077.442672
457.734056 -3065.802238
457.655808 -3054.153745
457.567486 -3042.495420
457.470288 -3030.824075
457.367118 -3019.226913
457.259512 -3007.624967
457.148461 -2995.934047
457.034655 -2984.245151
456.917971 -2972.640470
456.797597 -2961.036629
456.673231 -2949.508404
456.545189 -2938.063615
456.413757 -2926.617869
456.279669 -2915.091372
456.145140 -2903.646470
456.009959 -2892.284366
455.874819 -2880.995029
455.739673 -2869.700078
455.604736 -2858.408333
455.468692 -2847.119604
455.330370 -2835.761335
455.190514 -2824.322296
455.049379 -2812.796672
454.909115 -2801.348617
454.770077 -2789.893332
454.633994 -2778.515798
454.500685 -2767.139243
454.370067 -2755.842847
454.239688 -2744.547651
454.107920 -2733.323638
453.974296 -2722.174827
453.840279 -2711.108410
453.707187 -2700.124974
453.573842 -2689.057949
453.441243 -2677.991518
453.308559 -2666.933908
453.174706 -2655.878118
453.038567 -2644.738364
452.901980 -2633.518831
452.766461 -2622.222903
452.632128 -2610.854187
452.499629 -2599.488050
452.368320 -2588.125703
452.238341 -2576.763539
452.109675 -2565.318572
451.982509 -2553.795012
451.856144 -2542.199481
451.728537 -2530.522577
451.600279 -2518.931479
451.471222 -2507.415362
451.341780 -2495.975825
451.212980 -2484.619472
451.084052 -2473.267129
450.953381 -2461.917211
450.819999 -2450.568121
450.682578 -2439.214260
450.542372 -2427.854011
450.402904 -2416.573136
450.266882 -2405.298836
450.134945 -2394.023685
450.004203 -2382.745511
449.869859 -2371.464591
449.725763 -2360.255883
449.563765 -2349.117386
449.375992 -2338.040687
449.155297 -2326.955559
448.894698 -2315.943378
448.584389 -2305.006880
448.210334 -2294.133570
447.759172 -2283.319802
447.218077 -2272.576969
446.572068 -2261.904060
445.784236 -2251.172845
444.863147 -2240.545809
443.786248 -2230.020173
442.542881 -2219.609359
441.118808 -2209.322461
439.498724 -2199.081988
437.673664 -2188.905617
435.626265 -2178.799186
433.338605 -2168.766815
430.805832 -2158.829302
428.014239 -2149.078586
424.951210 -2139.445450
421.616197 -2130.035613
417.990011 -2120.777359
414.058882 -2111.680178
409.820868 -2102.766269
405.270493 -2094.061053
400.330417 -2085.549669
394.989680 -2077.256018
389.323462 -2069.229340
383.340372 -2061.487923
376.968839 -2054.042810
370.216176 -2046.905232
363.080746 -2040.091197
355.584005 -2033.609899
347.727786 -2027.481850
339.532804 -2021.714989
330.998385 -2016.313968
322.154934 -2011.288008
313.111586 -2006.688650
303.780797 -2002.447846
294.185564 -1998.571954
284.339908 -1995.047328
274.262655 -1991.873022
263.963991 -1989.049540
253.526068 -1986.557457
242.969092 -1984.396937
232.303230 -1982.568234
221.530620 -1981.052564
210.681151 -1979.835298
199.764584 -1978.901893
188.771913 -1978.234103
177.726807 -1977.824172
166.649934 -1977.658906
155.465848 -1977.732220
144.183761 -1978.027023
132.889115 -1978.552178
121.600195 -1979.282914
110.232068 -1980.178330
98.791002 -1981.220513
87.355821 -1982.407229
75.928721 -1983.719331
64.527112 -1985.140884
53.120359 -1986.663676
41.730941 -1988.281964
30.419347 -1989.980204
19.207011 -1991.755201
8.066677 -1993.609426
-3.069719 -1995.548760
-14.109959 -1997.570364
-25.052164 -1999.683513
-35.891842 -2001.901742
-46.625263 -2004.240628
-57.242119 -2006.713961
-67.797881 -2009.338881
-78.281972 -2012.125499
-88.685035 -2015.091590
-98.991209 -2018.249312
-109.203542 -2021.619655
-119.351646 -2025.281356
-129.343916 -2029.173017
-139.201511 -2033.381938
-148.892084 -2037.925132
-158.299900 -2042.800837
-167.377034 -2047.940832
-176.115531 -2053.434495
-184.478182 -2059.203706
-192.423950 -2065.247564
-199.924824 -2071.649019
-206.956896 -2078.320120
-213.496645 -2085.254911
-219.525126 -2092.451651
-225.000778 -2099.895187
-229.875583 -2107.635492
-234.220512 -2115.603796
-238.026484 -2123.766936
-241.259645 -2132.093511
-243.848218 -2140.604392
-245.779896 -2149.258443
-247.034977 -2158.009593
-247.585813 -2166.816065
-247.433273 -2175.617756
-246.643536 -2184.338303
-245.220319 -2192.941459
-243.180842 -2201.383702
-240.509716 -2209.614000
-237.223146 -2217.588144
-233.263749 -2225.247586
-228.685751 -2232.490779
-223.499687 -2239.321336
-217.703090 -2245.609606
-211.366044 -2251.304347
-204.605709 -2256.397486
-197.429663 -2260.880934
-189.936951 -2264.695916
-182.139832 -2267.844233
-174.136102 -2270.362289
-165.943251 -2272.081180
-157.616275 -2273.064979
-149.217937 -2273.315842
-140.807104 -2272.832307
-132.433262 -2271.607829
-124.179207 -2269.585329
-116.059387 -2266.837821
-108.104808 -2263.402118
-100.347538 -2259.284063
-92.875008 -2254.454102
-85.721740 -2248.938468
-78.919411 -2242.807958
-72.522229 -2236.065191
-66.561325 -2228.747027
-60.975697 -2220.945333
-55.768734 -2212.699383
-50.940284 -2203.986768
-46.512949 -2194.827419
-42.478400 -2185.325196
-38.908337 -2175.512301
-35.718356 -2165.420761
-32.982184 -2155.092773
-30.688638 -2144.567373
-28.807908 -2133.887593
-27.263342 -2123.050108
-26.111168 -2112.056273
-25.268490 -2100.880952
-24.766157 -2089.603422
-24.533517 -2078.186607
-24.589609 -2066.716946
-24.903267 -2055.216733
-25.438579 -2043.695412
-26.153407 -2032.230142
-27.025433 -2020.829421
-28.045820 -2009.434444
-29.202850 -1998.031604
-30.467561 -1986.680297
-31.829117 -1975.393643
-33.275013 -1964.184088
-34.798148 -1953.048409
-36.389462 -1941.946160
-38.029086 -1930.903314
-39.691300 -1919.923525
-41.373927 -1908.979657
-43.101885 -1897.978805
-44.871034 -1886.979369
-46.676963 -1875.986848
-48.525615 -1864.924920
-50.401050 -1853.877966
-52.320644 -1842.755652
-54.270652 -1831.646144
-56.254514 -1820.561838
-58.280811 -1809.495588
-60.360196 -1798.439330
-62.493016 -1787.463742
-64.690497 -1776.564089
-66.959548 -1765.754804
-69.311660 -1755.047444
-71.768280 -1744.440521
-74.351306 -1733.936356
-77.068293 -1723.555710
-79.945720 -1713.238303
-82.992241 -1703.006749
-86.215228 -1692.926051
-89.625697 -1683.024881
-93.246222 -1673.256084
-97.088574 -1663.639169
-101.166106 -1654.182191
-105.491288 -1644.918649
-110.069815 -1635.880098
-114.984498 -1627.070537
-120.243928 -1618.527385
-125.851892 -1610.277245
-131.729914 -1602.430793
-137.885854 -1595.003940
-144.393152 -1588.031704
-151.174602 -1581.536444
-158.226040 -1575.467053
-165.585715 -1569.962690
-173.254570 -1564.993694
-181.206277 -1560.584972
-189.348847 -1556.715570
-197.655526 -1553.410151
-206.100250 -1550.695194
-214.647083 -1548.587075
-223.267514 -1547.089588
-231.923578 -1546.203032
-240.602787 -1546.016482
-249.218526 -1546.470440
-257.740513 -1547.558148
-266.123929 -1549.265175
-274.337904 -1551.663773
-282.314540 -1554.679995
-290.003692 -1558.290004
-297.348854 -1562.538470
-304.292452 -1567.392392
-310.782149 -1572.812967
-316.763855 -1578.760827
-322.196544 -1585.186844
-326.968256 -1592.059815
-331.033067 -1599.328122
-334.362503 -1606.929286
-337.065013 -1614.754398
-339.119231 -1622.760793
-340.369473 -1630.927296
-340.874368 -1639.201485
-340.638680 -1647.527876
-339.603981 -1655.819806
-337.781834 -1664.007273
-335.187681 -1672.037055
-331.894401 -1679.913081
-327.918975 -1687.603182
-323.270929 -1695.075496
-317.980955 -1702.305740
-312.072034 -1709.265826
-305.548458 -1715.927907
-298.443133 -1722.180311
-290.821207 -1728.070401
-282.713275 -1733.592690
-274.130672 -1738.754496
-265.066685 -1743.460420
-255.640316 -1747.780156
-245.807679 -1751.715981
-235.690694 -1755.205899
-225.327839 -1758.261781
-214.691527 -1760.892773
-203.903414 -1763.119487
-192.996557 -1764.957820
-182.001040 -1766.427837
-170.953376 -1767.541302
-159.880043 -1768.325680
-148.735448 -1768.857211
-137.457818 -1769.143089
-126.202634 -1769.175916
-114.998616 -1768.982865
-103.853140 -1768.588005
-92.764054 -1768.015157
-81.735125 -1767.285136
-70.764802 -1766.407760
-59.862898 -1765.388460
-49.042305 -1764.234123
-38.307569 -1762.944015
-27.652491 -1761.518461
-17.076341 -1759.959453
-6.599425 -1758.274775
3.821050 -1756.479191
14.172098 -1754.577775
24.467259 -1752.542385
34.685903 -1750.358293
44.796835 -1748.026199
54.868216 -1745.540214
64.818037 -1742.903474
74.718151 -1740.102740
84.553489 -1737.133470
94.250421 -1733.995312
103.883913 -1730.675752
113.447094 -1727.169539
122.930933 -1723.475285
132.325234 -1719.587651
141.623567 -1715.492825
150.813675 -1711.180678
159.808687 -1706.655423
168.671077 -1701.906923
177.402769 -1696.932567
185.988744 -1691.731943
194.419440 -1686.294921
202.686761 -1680.619402
210.766164 -1674.713966
218.644035 -1668.580496
226.319029 -1662.224895
233.778215 -1655.653790
241.037662 -1648.791254
248.084810 -1641.642938
254.888226 -1634.290255
261.458127 -1626.662203
267.796687 -1618.763805
273.886947 -1610.610706
279.722848 -1602.205847
285.300793 -1593.558685
290.618802 -1584.678793
295.675775 -1575.577960
300.468518 -1566.260143
304.999243 -1556.720428
309.266872 -1546.968113
313.273939 -1537.015696
317.023076 -1526.870479
320.522308 -1516.541618
323.779393 -1506.036692
326.798374 -1495.356848
329.587455 -1484.517235
332.156618 -1473.524807
334.517103 -1462.394322
336.676957 -1451.130341
338.643996 -1439.741208
340.422437 -1428.237589
342.023794 -1416.696686
343.462677 -1405.120636
344.747939 -1393.437035
345.892640 -1381.651363
346.910143 -1369.844062
347.783869 -1358.096315
348.522333 -1346.328789
349.156067 -1334.551045
349.666903 -1322.760308
350.068516 -1311.039360
350.361330 -1299.309833
350.544996 -1287.573486
350.630117 -1275.911046
350.616287 -1264.310689
350.504714 -1252.774257
350.293781 -1241.303740
349.982677 -1229.915551
349.570423 -1218.611808
349.032598 -1207.301545
348.385537 -1196.071510
347.624225 -1184.916774
346.742190 -1173.834673
345.733944 -1162.839236
344.595792 -1151.932991
343.318788 -1141.118584
341.894702 -1130.389903
340.317832 -1119.754376
338.587756 -1109.222695
336.662240 -1098.725149
334.536776 -1088.197166
332.241977 -1077.707700
329.776704 -1067.343634
327.131803 -1057.096720
324.298336 -1046.892218
321.275873 -1036.744054
318.020685 -1026.674444
314.574369 -1016.668609
310.889605 -1006.747389
307.009028 -996.896201
302.939525 -987.195804
298.689971 -977.658638
294.253039 -968.204480
289.626126 -958.841436
284.814397 -949.574468
279.813162 -940.408362
274.621785 -931.345098
269.240663 -922.388715
263.635284 -913.584782
257.783263 -904.856552
251.680633 -896.211592
245.398652 -887.709693
238.936336 -879.353036
232.231240 -871.100824
225.358256 -863.003760
218.316624 -855.062430
211.113918 -847.282619
203.744472 -839.658584
196.246854 -832.271776
188.628170 -825.123426
180.858477 -818.148732
172.942556 -811.347936
164.886555 -804.729832
156.694929 -798.299520
148.364669 -792.053832
139.949359 -786.059975
131.406745 -780.256148
122.787583 -774.710403
113.969241 -769.345373
105.032568 -764.183471
95.981206 -759.225807
86.818428 -754.476776
77.552233 -749.943190
68.103836 -745.612766
58.557611 -741.500938
48.842843 -737.609213
38.965290 -733.945958
28.987031 -730.564076
18.929314 -727.465217
8.799120 -724.652811
-1.472386 -722.080181
-11.873122 -719.752996
-22.339205 -717.713629
-32.920789 -715.916224
-43.606059 -714.364518
-54.396079 -713.057109
-65.290694 -712.000340
-76.283980 -711.198525
-87.372511 -710.653247
-98.550158 -710.366829
-109.814602 -710.342114
-121.078177 -710.555332
-132.342062 -711.009416
-143.595184 -711.703816
-154.835778 -712.636575
-166.123493 -713.839459
-177.386173 -715.286527
-188.536991 -716.994377
-199.643391 -718.942546
-210.708683 -721.131363
-221.728075 -723.559575
-232.760262 -726.269419
-243.713123 -729.264103
-254.598170 -732.493126
-265.334032 -735.954231
-275.916146 -739.639654
-286.395830 -743.593843
-296.717062 -747.759676
-306.871472 -752.132292
-316.855786 -756.713713
-326.664864 -761.497805
-336.286982 -766.481091
-345.728386 -771.661973
-354.982390 -777.036733
-364.087832 -782.663314
-373.025009 -788.536216
-381.787563 -794.656872
-390.364490 -801.014779
-398.750287 -807.605140
-406.936188 -814.419858
-414.999176 -821.490710
-422.922783 -828.809205
-430.705781 -836.375502
-438.343986 -844.183824
-445.769020 -852.203550
-453.035830 -860.452597
-460.145178 -868.932923
-467.096885 -877.645595
-473.855782 -886.506596
-480.439247 -895.585316
-486.776160 -904.831861
-492.873441 -914.253635
-498.764549 -923.804024
-504.462715 -933.556347
-509.950240 -943.425834
-515.184566 -953.434446
-520.229502 -963.624622
-525.086489 -973.993028
-529.749811 -984.525169
-534.226373 -995.219479
-538.524753 -1006.079859
-542.655319 -1017.092694
-546.618737 -1028.183574
-550.390716 -1039.362394
-553.974421 -1050.549294
-557.380658 -1061.735970
-560.626955 -1072.920480
-563.725557 -1084.093557
-566.691790 -1095.263008
-569.529362 -1106.404409
-572.248200 -1117.511708
-574.871252 -1128.656653
-577.406811 -1139.838273
-579.860542 -1151.045456
-582.243123 -1162.280022
-584.557271 -1173.524795
-586.806527 -1184.772171
-589.019853 -1196.103438
-591.177977 -1207.454613
-593.285169 -1218.821707
-595.332421 -1230.114617
-597.352681 -1241.491325
-599.330346 -1252.875279
-601.273415 -1264.264443
-603.172009 -1275.665157
-605.020188 -1286.998111
-606.817419 -1298.265083
-608.562532 -1309.464900
-610.251683 -1320.598404
-611.876693 -1331.659951
-613.429312 -1342.657967
-614.911394 -1353.660109
-616.302153 -1364.589228
-617.598450 -1375.595523
-618.789803 -1386.672673
-619.867062 -1397.824560
-620.822299 -1409.056555
-621.646058 -1420.361160
-622.336463 -1431.747797
-622.894046 -1443.212162
-623.301558 -1454.680405
-623.571282 -1466.071088
-623.705445 -1477.389826
-623.707726 -1488.641750
-623.585720 -1499.832532
-623.346681 -1510.968594
-622.998777 -1522.045369
-622.550720 -1533.040279
-622.011767 -1543.963194
-621.400823 -1554.899923
-620.717341 -1565.766726
-619.971897 -1576.563435
-619.182497 -1587.370416
-618.353435 -1598.096322
-617.500103 -1608.822467
-616.631049 -1619.549695
-615.756416 -1630.285246
-614.887784 -1641.017674
-614.038706 -1651.754728
-613.222520 -1662.493537
-612.459403 -1673.314705
-611.754311 -1684.135120
-611.134487 -1694.952423
-610.603685 -1705.691099
-610.172976 -1716.351386
-609.864483 -1727.010821
-609.672477 -1737.588082
-609.614584 -1748.160357
-609.691972 -1758.733264
-609.904484 -1769.293377
-610.240375 -1779.929758
-610.694380 -1790.636684
-611.260105 -1801.412664
-611.930534 -1812.257057
-612.702853 -1823.178776
-613.567543 -1834.161696
-614.504492 -1845.143348
-615.513129 -1856.202201
-616.584973 -1867.333102
-617.710931 -1878.535555
-618.882771 -1889.807464
-620.090125 -1901.148841
-621.320737 -1912.571721
-622.562378 -1924.006842
-623.804732 -1935.453391
-625.035401 -1946.899268
-626.241904 -1958.347984
-627.411631 -1969.784893
-628.532500 -1981.221666
-629.577688 -1992.655489
-630.548451 -2004.094284
-631.424484 -2015.461896
-632.204388 -2026.831436
-632.867065 -2038.280780
-633.391908 -2049.727141
-633.786439 -2061.242833
-634.031941 -2072.760950
-634.128692 -2084.281765
-634.093861 -2095.733758
-633.917042 -2107.188959
-633.618059 -2118.572210
-633.203860 -2129.883092
-632.682363 -2141.120177
-632.057323 -2152.271870
-631.337813 -2163.360926
-630.541398 -2174.471745
-629.670532 -2185.509351
-628.736285 -2196.466455
-627.748785 -2207.355070
-626.717452 -2218.173322
-625.653012 -2228.921189
-624.568488 -2239.587425
-623.477348 -2250.245678
-622.390763 -2260.891084
-621.320638 -2271.527656
-620.282003 -2282.243170
-619.283057 -2292.958898
-618.342413 -2303.742207
-617.474559 -2314.442376
-616.685311 -2325.135500
-615.984853 -2335.820349
-615.393408 -2346.581207
-614.918620 -2357.262147
-614.566038 -2367.869612
-614.339842 -2378.409217
-614.244108 -2388.869242
-614.278954 -2399.258100
-614.428668 -2409.657431
-614.701591 -2419.978055
-615.093948 -2430.375140
-615.600743 -2440.838629
-616.215763 -2451.370098
-616.932468 -2461.965154
-617.745191 -2472.627087
-618.647224 -2483.342480
-619.622581 -2494.049739
-620.670823 -2504.825268
-621.773611 -2515.590902
-622.926938 -2526.426801
-624.120558 -2537.338885
-625.344453 -2548.332959
-626.588017 -2559.404824
-627.837864 -2570.474360
-629.082544 -2581.620358
-630.304436 -2592.696890
-631.492988 -2603.790167
-632.627271 -2614.823961
-633.699577 -2625.867580
-634.696350 -2636.920580
-635.604272 -2647.983666
-636.401043 -2658.971859
-637.091005 -2669.957321
-637.655410 -2681.020787
-638.090686 -2692.157334
-638.394272 -2703.368558
-638.563206 -2714.643896
-638.594726 -2725.989016
-638.494108 -2737.409465
-638.266506 -2748.755468
-637.917175 -2760.037600
-637.451656 -2771.258103
-636.877737 -2782.411301
-636.202189 -2793.492107
-635.434675 -2804.503044
-634.591010 -2815.514600
-633.669998 -2826.455515
-632.683002 -2837.481299
-631.640193 -2848.431325
-630.549607 -2859.379500
-629.425953 -2870.242613
-628.280342 -2881.099482
-627.127593 -2891.954678
-625.979424 -2902.736433
-624.854709 -2913.589032
-623.764924 -2924.429411
-622.731082 -2935.339596
-621.759000 -2946.239171
-620.871305 -2957.203404
-620.073271 -2968.158051
-619.376225 -2979.109056
-618.802212 -2990.141601
-618.372423 -3001.172081
-618.089430 -3012.194991
-617.955710 -3023.206303
-617.974578 -3034.216106
-618.147724 -3045.214041
-618.472174 -3056.209429
-618.930758 -3067.284368
-619.516277 -3078.428219
-620.222234 -3089.634652
-621.030695 -3100.840150
-621.945440 -3112.119209
-622.955445 -3123.478829
-624.049124 -3134.920100
-625.215789 -3146.441345
-626.450003 -3157.957887
-627.731533 -3169.546985
-629.049071 -3181.144782
-630.382345 -3192.745654
-631.719743 -3204.274180
-633.048467 -3215.813693
-634.356784 -3227.353673
-635.627695 -3238.810867
-636.850063 -3250.262825
-638.003664 -3261.627273
-639.082720 -3272.991209
-640.067052 -3284.277779
-640.943088 -3295.642402
-641.700477 -3307.080354
-642.316473 -3318.508694
-642.782833 -3329.930621
-643.097633 -3341.355787
-643.260988 -3352.788482
-643.273523 -3364.223014
-643.138633 -3375.664761
-642.858388 -3387.111533
-642.447966 -3398.478404
-641.912527 -3409.783771
-641.258324 -3421.038559
-640.502999 -3432.317531
-639.646781 -3443.524802
-638.701080 -3454.661579
-637.679981 -3465.728883
-636.599671 -3476.731191
-635.480833 -3487.676439
-634.349382 -3498.555299
-633.235036 -3509.346830
-632.171295 -3520.139203
-631.183738 -3530.924922
-630.295261 -3541.689142
-629.528446 -3552.434192
-628.909650 -3563.164645
-628.464602 -3573.875466
-628.217154 -3584.553648
-628.193780 -3595.186760
-628.422305 -3605.766784
-628.932960 -3616.193816
-629.752493 -3626.460908
-630.907180 -3636.556899
-632.416029 -3646.458552
-634.288690 -3656.140994
-636.541008 -3665.584383
-639.253669 -3674.795404
-642.443398 -3683.735789
-646.110950 -3692.362116
-650.176183 -3700.705098
-654.712128 -3708.732808
-659.726552 -3716.401597
-665.208866 -3723.667522
-671.153341 -3730.507130
-677.537952 -3736.877625
-684.275980 -3742.770648
-691.347542 -3748.158609
-698.795219 -3752.969413
-706.517052 -3757.231646
-714.533980 -3760.878689
-722.799277 -3763.876865
-731.259711 -3766.208852
-739.864757 -3767.863046
-748.568316 -3768.824760
-757.294681 -3769.143546
-766.039581 -3768.744997
-774.769438 -3767.637606
-783.452922 -3765.833948
-792.061135 -3763.343085
-800.575727 -3760.187084
-808.974701 -3756.370901
-817.235560 -3751.906783
-825.341648 -3746.814252
-833.281057 -3741.122517
-841.035714 -3734.852028
-848.521349 -3727.998598
-855.719348 -3720.595683
-862.606107 -3712.753280
-869.267428 -3704.435177
-875.605236 -3695.736458
-881.606293 -3686.694192
-887.272070 -3677.352865
-892.596721 -3667.750050
-897.595995 -3657.907810
-902.345927 -3647.834159
-906.851704 -3637.562018
-911.056060 -3627.138672
-915.037320 -3616.552006
-918.745129 -3605.884718
-922.196542 -3595.172618
-925.419796 -3584.435911
-928.443873 -3573.690072
-931.299663 -3562.878976
-934.029931 -3552.028940
-936.615053 -3541.216740
-939.065481 -3530.456448
-941.387588 -3519.734412
-943.582075 -3508.980593
-945.646788 -3498.276188
-947.577166 -3487.627529
-949.368755 -3477.039110
-951.017630 -3466.513627
-952.522242 -3456.046048
-953.871602 -3445.557988
-955.059512 -3435.045540
-956.079064 -3424.518023
-956.944169 -3413.903644
-957.629131 -3403.282145
-958.167291 -3392.658483
-958.545702 -3381.953926
-958.767673 -3371.168024
-958.837066 -3360.310715
-958.753540 -3349.388515
-958.523057 -3338.407179
-958.152217 -3327.351457
-957.645269 -3316.237872
-957.013028 -3305.061022
-956.270756 -3293.815658
-955.439622 -3282.566300
-954.524243 -3271.242824
-953.541537 -3259.923426
-952.493161 -3248.681181
-951.395051 -3237.445470
-950.248656 -3226.138987
-949.062663 -3214.761481
-947.844612 -3203.317551
-946.603526 -3191.875468
-945.351163 -3180.431077
-944.092621 -3168.988096
-942.830300 -3157.463218
-941.571325 -3145.857314
-940.322710 -3134.173783
-939.098989 -3122.493349
-937.908448 -3110.813429
-936.757051 -3099.127845
-935.651310 -3087.440158
-934.597612 -3075.754632
-933.588518 -3063.988140
-932.640564 -3052.218630
-931.756863 -3040.519131
-930.934524 -3028.797198
-930.175212 -3017.141184
-929.472742 -3005.465346
-928.826894 -2993.861421
-928.231230 -2982.248193
-927.684317 -2970.708822
-927.180128 -2959.236878
-926.702081 -2947.684106
-926.250010 -2936.120608
-925.809023 -2924.478519
-925.376614 -2912.841713
-924.947697 -2901.203073
-924.523155 -2889.640481
-924.097095 -2878.148928
-923.661389 -2866.727211
-923.207240 -2855.378247
-922.724032 -2844.017796
-922.208422 -2832.650740
-921.659073 -2821.356980
-921.070654 -2810.139013
-920.436756 -2798.994897
-919.751511 -2787.922058
-919.011986 -2776.928452
-918.201753 -2765.937706
-917.322035 -2754.956782
-916.371515 -2743.981059
-915.349235 -2733.014187
-914.269775 -2722.133311
-913.117616 -2711.180484
-911.911352 -2700.316194
-910.640189 -2689.386315
-909.312398 -2678.470532
-907.930708 -2667.474091
-906.504588 -2656.477405
-905.047696 -2645.479692
-903.564261 -2634.480040
-902.054063 -2623.483087
-900.525241 -2612.493401
-898.987948 -2601.504952
-897.452546 -2590.513803
-895.927393 -2579.518182
-894.420923 -2568.520776
-892.942065 -2557.523887
-891.502321 -2546.535560
-890.112966 -2535.554617
-888.785683 -2524.589328
-887.529547 -2513.632167
-886.362270 -2502.601589
-885.295697 -2491.496531
-884.341732 -2480.319993
-883.510324 -2469.075542
-882.809607 -2457.752376
-882.258927 -2446.430302
-881.858068 -2435.103953
-881.607840 -2423.773896
-881.506671 -2412.442296
-881.525709 -2401.106460
-881.688161 -2389.767899
-881.965420 -2378.413286
-882.365916 -2367.108074
-882.881526 -2355.853266
-883.502988 -2344.668074
-884.218720 -2333.565101
-885.009731 -2322.455459
-885.869108 -2311.332605
-886.795737 -2300.284015
-887.779709 -2289.308902
-888.810703 -2278.410590
-889.879945 -2267.432327
-890.978966 -2256.380984
-892.100030 -2245.260981
-893.235386 -2234.058636
-894.375827 -2222.777811
-895.512150 -2211.421682
-896.635973 -2199.983733
-897.739863 -2188.473210
-898.809556 -2176.968273
-899.836671 -2165.465732
-900.813520 -2153.962771
-901.733491 -2142.453827
-902.589452 -2130.949985
-903.377416 -2119.448400
-904.095460 -2107.930446
-904.742318 -2096.411041
-905.318548 -2084.954585
-905.836479 -2073.488464
-906.286278 -2062.096375
-906.680450 -2050.712505
-907.020249 -2039.333120
-907.308699 -2027.955445
-907.551862 -2016.582253
-907.755873 -2005.202034
-907.924292 -1993.825118
-908.059707 -1982.378585
-908.167026 -1970.858279
-908.251527 -1959.265398
-908.320634 -1947.599564
-908.379324 -1935.936120
-908.433994 -1924.350346
-908.497779 -1912.758609
-908.580317 -1901.169524
-908.683928 -1889.662391
-908.827091 -1878.154237
-909.011106 -1866.718833
-909.242194 -1855.352890
-909.524885 -1844.064653
-909.876523 -1832.774829
-910.299845 -1821.491084
-910.797249 -1810.219119
-911.372607 -1798.949062
-912.028183 -1787.677220
-912.749006 -1776.498024
-913.546608 -1765.317561
-914.415778 -1754.073491
-915.343238 -1742.834620
-916.326379 -1731.596264
-917.361691 -1720.356292
-918.445309 -1709.124388
-919.573723 -1697.897663
-920.741543 -1686.667438
-921.943259 -1675.438507
-923.172664 -1664.214472
-924.424884 -1653.071590
-925.693742 -1642.001197
-926.971504 -1631.002104
-928.248669 -1620.069759
-929.513442 -1609.209206
-930.756874 -1598.339545
-931.962197 -1587.541475
-933.115415 -1576.819594
-934.209799 -1566.093387
-935.222000 -1555.441186
-936.135208 -1544.719837
-936.946615 -1534.002264
-937.647157 -1523.288305
-938.201072 -1512.579762
-938.602758 -1501.872709
-938.850001 -1491.168738
-938.940367 -1480.474938
-938.873808 -1469.793847
-938.666454 -1459.040517
-938.308990 -1448.299574
-937.805543 -1437.555985
-937.174378 -1426.750730
-936.423074 -1415.877227
-935.560520 -1404.926804
-934.597528 -1393.897849
-933.553382 -1382.870678
-932.440348 -1371.847194
-931.272349 -1360.823860
-930.065341 -1349.788678
-928.836281 -1338.733877
-927.603831 -1327.675537
-926.388584 -1316.607451
-925.211637 -1305.529056
-924.093977 -1294.450309
-923.059997 -1283.381951
-922.136632 -1272.331259
-921.352104 -1261.295290
-920.737349 -1250.271361
-920.312591 -1239.285953
-920.118800 -1228.415469
-920.174182 -1217.590787
-920.506033 -1206.819635
-921.146002 -1196.205952
-922.114326 -1185.767321
-923.432399 -1175.516517
-925.116570 -1165.475562
-927.246583 -1155.636464
-929.838883 -1146.042277
-932.897335 -1136.726440
-936.440903 -1127.732000
-940.481587 -1119.083036
-944.939325 -1110.823951
-949.888330 -1102.994695
-955.248681 -1095.626715
-960.994491 -1088.671906
-967.192231 -1082.175805
-973.743230 -1076.145736
-980.695011 -1070.647693
-987.955546 -1065.692186
-995.494531 -1061.288969
-1003.281204 -1057.467470
-1011.336651 -1054.308016
-1019.612201 -1051.829526
-1028.051489 -1050.046253
-1036.597570 -1048.970242
-1045.203973 -1048.630801
-1053.814383 -1049.020740
-1062.402586 -1050.127033
-1070.934239 -1051.946884
-1079.380935 -1054.468856
-1087.716443 -1057.692693
-1095.917175 -1061.586002
-1103.956745 -1066.135860
-1111.804443 -1071.328499
-1119.434152 -1077.136686
-1126.756692 -1083.562196
-1133.747780 -1090.565735
-1140.396609 -1098.128091
-1146.677665 -1106.206132
-1152.570480 -1114.775405
-1158.146950 -1123.791620
-1163.324405 -1133.223638
-1168.172685 -1143.039770
-1172.698115 -1153.217740
-1176.822922 -1163.718977
-1180.633661 -1174.528602
-1184.070657 -1185.592083
-1187.211594 -1196.905251
-1190.070089 -1208.444394
-1192.659048 -1220.183107
-1194.940558 -1232.050167
-1196.947472 -1244.021543
-1198.716969 -1256.068787
-1200.284842 -1268.171419
-1201.674954 -1280.216988
-1202.919447 -1292.214478
-1204.031679 -1304.153947
-1205.022895 -1316.036023
-1205.901821 -1327.861022
-1206.672806 -1339.617004
-1207.346524 -1351.391497
-1207.932063 -1363.174108
-1208.439366 -1374.960141
-1208.878280 -1386.753984
-1209.257920 -1398.563806
-1209.586371 -1410.392394
-1209.868446 -1422.217966
-1210.110814 -1434.049028
-1210.316615 -1445.877160
-1210.489520 -1457.631727
-1210.633411 -1469.319732
-1210.753611 -1481.022539
-1210.855220 -1492.652513
-1210.943066 -1504.278017
-1211.019000 -1515.908977
-1211.082067 -1527.538931
-1211.132469 -1539.093852
-1211.172356 -1550.573269
-1211.203526 -1562.065136
-1211.226730 -1573.558017
-1211.241464 -1585.047494
-1211.247894 -1596.533960
-1211.246836 -1608.023629
-1211.240239 -1619.599489
-1211.229781 -1631.258333
-1211.216074 -1642.997552
-1211.198507 -1654.814534
-1211.176003 -1666.709277
-1211.148994 -1678.604611
-1211.117865 -1690.420958
-1211.082766 -1702.245710
-1211.044779 -1713.993880
-1211.003110 -1725.745045
-1210.957708 -1737.416219
-1210.907541 -1749.089384
-1210.854089 -1760.691383
-1210.798532 -1772.217206
-1210.741685 -1783.667655
-1210.683311 -1795.117694
-1210.621137 -1806.645888
-1210.553247 -1818.094084
-1210.478041 -1829.624648
-1210.396202 -1841.079650
-1210.309033 -1852.452668
-1210.219147 -1863.746298
-1210.128783 -1875.040527
-1210.038738 -1886.335360
-1209.949457 -1897.628995
-1209.861714 -1908.846068
-1209.775819 -1919.980970
-1209.691400 -1931.043922
-1209.608143 -1942.034720
-1209.525432 -1952.951956
-1209.441879 -1963.791811
-1209.357274 -1974.559096
-1209.272475 -1985.261432
-1209.188484 -1995.891811
-1209.105340 -2006.533824
-1209.023740 -2017.182861
-1208.944947 -2027.747924
-1208.868361 -2038.396584
-1208.794463 -2049.043854
-1208.722373 -2059.692938
-1208.652383 -2070.269272
-1208.583501 -2080.850823
-1208.515638 -2091.436187
-1208.449416 -2102.023964
-1208.385307 -2112.612953
-1208.324544 -2123.119176
-1208.266458 -2133.702191
-1208.211405 -2144.279416
-1208.158102 -2154.929413
-1208.106844 -2165.654787
-1208.057642 -2176.452333
-1208.009552 -2187.327457
-1207.962313 -2198.275549
-1207.916698 -2209.141664
-1207.872010 -2220.006781
-1207.828996 -2230.953286
-1207.788768 -2241.978178
-1207.750442 -2253.071231
-1207.712106 -2264.234042
-1207.673923 -2275.392645
-1207.636533 -2286.547445
-1207.600108 -2297.774014
-1207.565597 -2308.999792
-1207.532892 -2320.212948
-1207.500580 -2331.495661
-1207.466430 -2342.859548
-1207.430004 -2354.146653
-1207.391656 -2365.363794
-1207.352026 -2376.585137
-1207.311810 -2387.800664
-1207.271666 -2399.015190
-1207.231990 -2410.236331
-1207.192425 -2421.461481
-1207.152892 -2432.686832
-1207.113460 -2443.913987
-1207.074802 -2455.060364
-1207.037475 -2466.209349
-1207.001540 -2477.356331
-1206.966528 -2488.504716
-1206.931857 -2499.656509
-1206.898103 -2510.807502
-1206.866540 -2521.972328
-1206.837325 -2533.215326
-1206.809908 -2544.534295
-1206.783134 -2555.771481
-1206.755518 -2566.925280
-1206.726347 -2578.084887
-1206.697979 -2589.162914
-1206.671466 -2600.324137
-1206.647395 -2611.559335
-1206.625509 -2622.783513
-1206.603834 -2634.078451
-1206.581204 -2645.449756
-1206.558337 -2656.741684
-1206.536841 -2667.949830
-1206.516838 -2679.229745
-1206.498162 -2690.498442
-1206.479382 -2701.842308
-1206.460314 -2713.183366
-1206.439987 -2724.512791
-1206.417923 -2735.837197
-1206.394640 -2747.167212
-1206.370329 -2758.514062
-1206.345411 -2769.875743
-1206.319736 -2781.243035
-1206.292105 -2792.550186
-1206.261082 -2803.804406
-1206.226986 -2814.997479
-1206.191790 -2826.131619
-1206.156191 -2837.200012
-1206.118785 -2848.191030
-1206.078574 -2859.104877
-1206.035613 -2870.019121
-1205.990370 -2881.017548
-1205.944079 -2892.091740
-1205.898822 -2903.153509
-1205.854254 -2914.286440
-1205.809449 -2925.402533
-1205.762869 -2936.509000
-1205.714321 -2947.611654
-1205.665258 -2958.715910
-1205.617734 -2969.817963
-1205.572546 -2980.996588
-1205.529471 -2992.256796
-1205.487203 -3003.511993
-1205.444323 -3014.846366
-1205.402332 -3026.101165
-1205.361792 -3037.353364
-1205.323692 -3048.684950
-1205.288496 -3060.089907
-1205.255517 -3071.558209
-1205.223425 -3083.083241
-1205.190613 -3094.592835
-1205.156105 -3106.176986
-1205.122291 -3117.741297
-1205.090778 -3129.362347
-1205.061518 -3141.043941
-1205.032767 -3152.784469
-1205.002990 -3164.589939
-1204.972446 -3176.385383
-1204.941705 -3188.178020
-1204.911813 -3199.973667
-1204.884033 -3211.688739
-1204.858595 -3223.407825
-1204.834970 -3235.054953
-1204.812406 -3246.716514
-1204.790143 -3258.314133
-1204.767462 -3269.926984
-1204.743661 -3281.550652
-1204.717570 -3293.178116
-1204.688364 -3304.737015
-1204.655575 -3316.224548
-1204.619854 -3327.634303
-1204.582845 -3338.984120
-1204.546415 -3350.278816
-1204.509994 -3361.579726
-1204.472081 -3372.884037
-1204.431000 -3384.119579
-1204.385639 -3395.295571
-1204.336533 -3406.401591
-1204.285316 -3417.439649
-1204.234069 -3428.481716
-1204.184511 -3439.445617
-1204.134991 -3450.488295
-1204.084822 -3461.525759
-1204.033637 -3472.563221
-1203.981965 -3483.604691
-1203.931104 -3494.651575
-1203.881134 -3505.774633
-1203.831242 -3516.971457
-1203.780029 -3528.160057
-1203.725935 -3539.426420
-1203.669520 -3550.694983
-1203.612255 -3562.047735
-1203.554867 -3573.392068
-1203.497939 -3584.813774
-1203.441165 -3596.225659
-1203.383979 -3607.555555
-1203.325572 -3618.885439
-1203.267118 -3630.209308
-1203.208284 -3641.607543
-1203.149222 -3653.076736
-1203.089906 -3664.605661
-1203.029759 -3676.110930
-1202.968121 -3687.693563
-1202.906209 -3699.292432
-1202.844965 -3710.895314
-1202.785137 -3722.485981
-1202.725744 -3734.077253
-1202.665740 -3745.670124
-1202.604848 -3757.271808
-1202.542674 -3768.880701
-1202.479308 -3780.420834
-1202.415062 -3791.899824
-1202.350401 -3803.306050
-1202.285502 -3814.631495
-1202.220042 -3825.952928
-1202.154223 -3837.276165
-1202.088580 -3848.602810
-1202.024216 -3859.934873
-1201.962123 -3871.260530
-1201.901471 -3882.578375
-1201.840754 -3893.884593
-1201.779551 -3905.187003
-1201.718556 -3916.496829
-1201.660263 -3927.813877
-1201.606690 -3939.214527
-1201.559085 -3950.611594
-1201.515296 -3962.088852
-1201.474916 -3973.564516
-1201.437099 -3984.965017
-1201.401671 -3996.373741
-1201.368818 -4007.784075
-1201.339621 -4019.192015
-1201.313918 -4030.658695
-1201.291757 -4042.108745
-1201.272433 -4053.553390
-1201.254875 -4064.989827
-1201.238228 -4076.418854
-1201.221861 -4087.846481
-1201.205980 -4099.284734
-1201.191275 -4110.726202
-1201.177724 -4122.161461
-1201.164749 -4133.603137
-1201.152413 -4145.052032
-1201.142008 -4156.431774
-1201.134648 -4167.744766
-1201.131083 -4178.982181
-1201.131514 -4190.140008
-1201.135952 -4201.302633
-1201.142896 -4212.475276
-1201.150273 -4223.655136
-1201.156961 -4234.761229
-1201.162521 -4245.781929
-1201.166553 -4256.801626
-1201.169475 -4267.737337
-1201.172295 -4278.673249
-1201.175987 -4289.529780
-1201.181574 -4300.390515
-1201.188432 -4311.250042
-1201.196098 -4322.107163
-1201.203950 -4333.036645
-1201.211483 -4343.962519
-1201.216782 -4354.889996
-1201.218518 -4365.902055
-1201.218538 -4376.912308
-1201.219402 -4387.922763
-1201.222769 -4399.014408
-1201.228186 -4410.174615
-1201.234925 -4421.316987
-1201.242571 -4432.447335
-1201.251033 -4443.580291
-1201.260807 -4454.713851
-1201.271552 -4465.847812
-1201.282336 -4476.987988
-1201.292355 -4488.131373
-1201.300432 -4499.277774
-1201.305234 -4510.426593
-1201.305081 -4521.505063
-1201.300544 -4532.508764
-1201.293796 -4543.442902
-1201.286519 -4554.379242
-1201.279139 -4565.392755
-1201.271353 -4576.401857
-1201.261565 -4587.497548
-1201.248899 -4598.521276
-1201.233419 -4609.545807
-1201.214944 -4620.494376
-1201.194771 -4631.444752
-1201.173860 -4642.391322
-1201.152621 -4653.338694
-1201.130355 -4664.283660
-1201.108311 -4675.228225
-1201.088111 -4686.169590
-1201.068016 -4697.185723
-1201.046402 -4708.276820
-1201.023215 -4719.361299
-1200.999684 -4730.366801
-1200.975629 -4741.453684
-1200.950624 -4752.547379
-1200.924165 -4763.634655
-1200.895849 -4774.710501
-1200.864672 -4785.857096
-1200.829778 -4797.066018
-1200.790597 -4808.337067
-1200.747802 -4819.684276
-1200.702743 -4831.108248
-1200.657232 -4842.600571
-1200.612306 -4854.153634
-1200.567783 -4865.769841
-1200.522598 -4877.467428
-1200.475783 -4889.167410
-1200.427768 -4900.798833
-1200.379691 -4912.343861
-1200.331827 -4923.885082
-1200.283401 -4935.425900
-1200.232601 -4947.045484
-1200.178807 -4958.682495
-1200.120855 -4970.254541
-1200.058118 -4981.759410
-1199.991608 -4993.199705
-1199.922554 -5004.571230
-1199.851756 -5015.863771
-1199.779630 -5027.092361
-1199.706269 -5038.265219
-1199.631225 -5049.384547
-1199.554342 -5060.521705
-1199.477054 -5071.591511
-1199.400048 -5082.665326
-1199.323922 -5093.739146
-1199.248872 -5104.814572
-1199.175244 -5115.895619
-1199.102939 -5126.983889
-1199.032091 -5138.077581
-1198.963140 -5149.171482
-1198.896133 -5160.258175
-1198.829902 -5171.334848
-1198.763401 -5182.421943
-1198.696513 -5193.519260
-1198.630109 -5204.546021
-1198.565329 -5215.493412
-1198.502037 -5226.435600
-1198.439585 -5237.377391
-1198.377155 -5248.394751
-1198.314351 -5259.499706
-1198.252862 -5270.520478
-1198.194129 -5281.604004
-1198.140262 -5292.756300
-1198.092152 -5303.976174
-1198.048834 -5315.253005
-1198.008634 -5326.586781
-1197.970630 -5337.997136
-1197.935637 -5349.472044
-1197.904594 -5361.005293
-1197.878058 -5372.587062
-1197.855788 -5384.221956
-1197.835128 -5395.920998
-1197.813119 -5407.690592
-1197.789195 -5419.460777
-1197.763412 -5431.235562
-1197.736751 -5442.925354
-1197.710290 -5454.614745
-1197.686141 -5466.225965
-1197.667514 -5477.765801
-1197.660045 -5489.241539
-1197.671771 -5500.658096
-1197.712806 -5512.016325
-1197.793070 -5523.310562
-1197.921785 -5534.598947
-1198.112513 -5545.897297
-1198.380456 -5557.203649
-1198.741529 -5568.509555
-1199.214931 -5579.728132
-1199.822576 -5590.847816
-1200.585899 -5601.954223
-1201.519674 -5612.949636
-1202.636779 -5623.813049
-1203.960582 -5634.542935
-1205.511334 -5645.130834
-1207.304699 -5655.562887
-1209.350497 -5665.809914
-1211.661391 -5675.855999
-1214.257870 -5685.685021
-1217.154197 -5695.282908
-1220.429280 -5704.656573
-1224.026747 -5713.738424
-1227.955938 -5722.501998
-1232.224375 -5731.001044
-1236.837987 -5739.208488
-1241.889868 -5747.112036
-1247.368360 -5754.585219
-1253.268315 -5761.668220
-1259.581424 -5768.315209
-1266.285187 -5774.492732
-1273.377403 -5780.160396
-1280.822298 -5785.273131
-1288.530160 -5789.839313
-1296.538035 -5793.800761
-1304.747786 -5797.176037
-1313.125871 -5799.948218
-1321.640454 -5802.106303
-1330.245664 -5803.646441
-1338.932267 -5804.489189
-1347.616820 -5804.688530
-1356.291011 -5804.191007
-1364.922078 -5803.007201
-1373.475067 -5801.129722
-1381.919090 -5798.567458
-1390.208334 -5795.410693
-1398.342077 -5791.597907
-1406.295128 -5787.146325
-1414.036512 -5782.069556
-1421.543955 -5776.379081
-1428.727127 -5770.081757
-1435.628596 -5763.307506
-1442.243982 -5756.001423
-1448.559693 -5748.179098
-1454.558219 -5739.949947
-1460.143470 -5731.334509
-1465.329296 -5722.289074
-1470.111408 -5712.937545
-1474.492266 -5703.320669
-1478.488896 -5693.390803
-1482.089776 -5683.267837
-1485.320125 -5672.905335
-1488.257743 -5662.298536
-1490.854936 -5651.528045
-1493.194564 -5640.557860
-1495.292667 -5629.417072
-1497.164008 -5618.194677
-1498.835555 -5606.890210
-1500.294640 -5595.598483
-1501.601682 -5584.182300
-1502.747755 -5572.797645
-1503.749987 -5561.371964
-1504.619889 -5550.001170
-1505.368768 -5538.689248
-1506.026274 -5527.362388
-1506.581097 -5516.100895
-1507.042044 -5504.832145
-1507.419023 -5493.562864
-1507.720344 -5482.306454
-1507.957453 -5471.041323
-1508.145035 -5459.700346
-1508.278150 -5448.359343
-1508.361786 -5437.032805
-1508.407801 -5425.639380
-1508.420231 -5414.175790
-1508.399451 -5402.795314
-1508.350571 -5391.338506
-1508.276192 -5379.883445
-1508.172320 -5368.428034
-1508.045172 -5356.898688
-1507.896911 -5345.375416
-1507.731380 -5333.856614
-1507.550816 -5322.324832
-1507.356764 -5310.794513
-1507.150677 -5299.250651
-1506.933605 -5287.636327
-1506.704870 -5275.956772
-1506.464872 -5264.202570
-1506.216761 -5252.537461
-1505.959603 -5240.790890
-1505.694535 -5229.048045
-1505.421829 -5217.231146
-1505.142287 -5205.345193
-1504.856638 -5193.379961
-1504.565932 -5181.337046
-1504.274402 -5169.366333
-1503.982416 -5157.469618
-1503.687966 -5145.558324
-1503.392248 -5133.644249
-1503.097749 -5121.800721
-1502.806240 -5110.024891
-1502.518681 -5098.318733
-1502.234192 -5086.676857
-1501.951411 -5075.100706
-1501.667523 -5063.522577
-1501.382960 -5051.944263
-1501.097087 -5040.287782
-1500.813148 -5028.632452
-1500.531252 -5016.973858
-1500.250087 -5005.307223
-1499.967893 -4993.636604
-1499.685676 -4982.049194
-1499.403516 -4970.540578
-1499.122778 -4959.115938
-1498.843875 -4947.751207
-1498.567600 -4936.459398
-1498.293817 -4925.237507
-1498.020121 -4914.006991
-1497.748544 -4902.857630
-1497.477398 -4891.710665
-1497.206192 -4880.561294
-1496.933973 -4869.402324
-1496.662451 -4858.320333
-1496.391622 -4847.318131
-1496.120135 -4836.318554
-1495.848967 -4825.318769
-1495.578496 -4814.323778
-1495.308169 -4803.328384
-1495.038030 -4792.336794
-1494.768134 -4781.351615
-1494.496119 -4770.286886
-1494.221897 -4759.140405
-1493.945883 -4747.922788
-1493.667474 -4736.622620
-1493.388585 -4725.320059
-1493.111241 -4714.093853
-1492.833043 -4702.868471
-1492.553979 -4691.645118
-1492.274987 -4680.429582
-1491.996803 -4669.216231
-1491.717174 -4657.926322
-1491.436679 -4646.636636
-1491.152927 -4635.340620
-1490.862324 -4623.977013
-1490.568129 -4612.622724
-1490.269590 -4601.197364
-1489.968418 -4589.698280
-1489.666016 -4578.120028
-1489.364333 -4566.537148
-1489.062584 -4554.953066
-1488.760475 -4543.368793
-1488.456724 -4531.714182
-1488.152485 -4519.986394
-1487.850549 -4508.263958
-1487.548555 -4496.458314
-1487.247489 -4484.653049
-1486.946451 -4472.846180
-1486.644244 -4460.958538
-1486.341850 -4448.993909
-1486.041485 -4437.024423
-1485.744928 -4425.139056
-1485.451028 -4413.326408
-1485.159607 -4401.598714
-1484.868522 -4389.869006
-1484.576461 -4378.060121
-1484.286603 -4366.251584
-1484.000731 -4354.522150
-1483.717495 -4342.865635
-1483.435445 -4331.286087
-1483.151910 -4319.696753
-1482.866257 -4308.027267
-1482.580360 -4296.279382
-1482.297939 -4284.530192
-1482.017675 -4272.777332
-1481.740224 -4261.104002
-1481.463450 -4249.510861
-1481.185806 -4238.000754
-1480.905193 -4226.492727
-1480.623830 -4214.985119
-1480.344145 -4203.472860
-1480.068827 -4192.032279
-1479.797458 -4180.668600
-1479.526728 -4169.301898
-1479.257644 -4158.018968
-1478.988394 -4146.733235
-1478.719322 -4135.444089
-1478.449939 -4124.149336
-1478.181003 -4112.928956
-1477.909916 -4101.704014
-1477.636098 -4090.471523
-1477.358591 -4079.239740
-1477.077181 -4068.008679
-1476.794507 -4056.859473
-1476.510817 -4045.790303
-1476.223764 -4034.717410
-1475.934781 -4023.644565
-1475.643861 -4012.485950
-1475.356044 -4001.322455
-1475.075229 -3990.159024
-1474.802445 -3979.070422
-1474.536578 -3968.064685
-1474.276590 -3957.141032
-1474.018638 -3946.136942
-1473.762767 -3935.052409
-1473.509932 -3923.890217
-1473.260655 -3912.649151
-1473.016360 -3901.405165
-1472.774549 -3890.160321
-1472.534252 -3879.001856
-1472.290957 -3867.768472
-1472.047314 -3856.535495
-1471.803385 -3845.221528
-1471.561200 -3833.903918
-1471.320608 -3822.582066
-1471.082412 -3811.342967
-1470.844452 -3800.104665
-1470.605628 -3788.793201
-1470.369327 -3777.489901
-1470.135503 -3766.114562
-1469.907307 -3754.739877
-1469.683106 -3743.278655
-1469.462457 -3731.814321
-1469.240343 -3720.268612
-1469.019967 -3708.808080
-1468.796590 -3697.268224
-1468.573173 -3685.734384
-1468.347419 -3674.120395
-1468.118832 -3662.509655
-1467.885677 -3650.824207
-1467.648648 -3639.061639
-1467.409348 -3627.222526
-1467.171727 -3615.466783
-1466.935928 -3603.787592
-1466.701017 -3592.188977
-1466.465756 -3580.667553
-1466.230076 -3569.229137
-1465.993897 -3557.791533
-1465.759400 -3546.354898
-1465.529324 -3534.994161
-1465.299781 -3523.548009
-1465.071813 -3512.179415
-1464.843179 -3500.811635
-1464.615788 -3489.529237
-1464.388549 -3478.245032
-1464.163640 -3467.040975
-1463.941678 -3455.916054
-1463.722811 -3444.870066
-1463.506634 -3433.900815
-1463.290211 -3422.846566
-1463.075449 -3411.795496
-1462.862261 -3400.664400
-1462.654945 -3389.530968
-1462.452902 -3378.393601
-1462.255707 -3367.247097
-1462.062329 -3356.174294
-1461.869765 -3345.101475
-1461.679523 -3334.109209
-1461.491787 -3323.116101
-1461.308370 -3312.196700
-1461.128613 -3301.348214
-1460.951121 -3290.490481
-1460.779420 -3279.624891
-1460.620453 -3268.745680
-1460.483170 -3257.850862
-1460.376647 -3246.951506
-1460.312599 -3236.119956
-1460.299537 -3225.271457
-1460.347231 -3214.414939
-1460.467326 -3203.636180
-1460.670849 -3192.869464
-1460.979843 -3182.103270
-1461.414024 -3171.338628
-1461.986981 -3160.589398
-1462.708352 -3149.868584
-1463.586405 -3139.173522
-1464.629176 -3128.504103
-1465.832720 -3117.872736
-1467.196009 -3107.362879
-1468.719460 -3096.964383
-1470.397520 -3086.680130
-1472.225485 -3076.508293
-1474.198073 -3066.365679
-1476.312328 -3056.334114
-1478.565929 -3046.316146
-1480.947252 -3036.392753
-1483.440539 -3026.483281
-1486.031775 -3016.666856
-1488.706136 -3006.862960
-1491.451792 -2997.071720
-1494.271189 -2987.219494
-1497.152464 -2977.306136
-1500.082811 -2967.335907
-1503.048308 -2957.312636
-1506.027329 -2947.296761
-1509.005386 -2937.290460
-1511.971520 -2927.224958
-1514.909566 -2917.099166
-1517.806155 -2906.908891
-1520.647003 -2896.645744
-1523.408200 -2886.303874
-1526.066085 -2875.885299
-1528.601366 -2865.454791
-1531.004006 -2854.914525
-1533.262049 -2844.348512
-1535.367795 -2833.680503
-1537.322798 -2822.976440
-1539.129082 -2812.157657
-1540.784385 -2801.305036
-1542.292551 -2790.338520
-1543.656582 -2779.343926
-1544.879448 -2768.246306
-1545.964945 -2757.049809
-1546.913855 -2745.774527
-1547.738929 -2734.415445
-1548.453486 -2722.970658
-1549.071090 -2711.434415
-1549.604479 -2699.819705
-1550.064840 -2688.116985
-1550.449104 -2676.404714
-1550.766736 -2664.756808
-1551.023932 -2653.172355
-1551.225869 -2641.656925
-1551.385000 -2630.136001
-1551.505813 -2618.618832
-1551.588905 -2607.176189
-1551.640213 -2595.797832
-1551.662402 -2584.488966
-1551.657781 -2573.241315
-1551.628610 -2562.063826
-1551.578500 -2550.953454
-1551.511599 -2539.760625
-1551.428333 -2528.571765
-1551.331593 -2517.301529
-1551.220500 -2506.034706
-1551.097187 -2494.688136
-1550.962014 -2483.351028
-1550.816746 -2471.942828
-1550.661795 -2460.537529
-1550.498124 -2449.055767
-1550.328058 -2437.572482
-1550.155218 -2426.165207
-1549.980062 -2414.829527
-1549.800898 -2403.486685
-1549.618487 -2392.137871
-1549.434069 -2380.796501
-1549.249261 -2369.527906
-1549.063745 -2358.340109
-1548.876330 -2347.229926
-1548.684263 -2336.046848
-1548.488381 -2324.789056
-1548.289544 -2313.448720
-1548.088310 -2302.037658
-1547.885585 -2290.626424
-1547.679415 -2279.133454
-1547.471593 -2267.648327
-1547.260471 -2256.084869
-1547.045672 -2244.447301
-1546.827247 -2232.740633
-1546.606098 -2220.962241
-1546.385715 -2209.265231
-1546.164353 -2197.560419
-1545.943284 -2185.936195
-1545.720148 -2174.305997
-1545.495171 -2162.677239
-1545.269181 -2151.039478
-1545.043733 -2139.394089
-1544.820744 -2127.747051
-1544.600326 -2116.095954
-1544.381053 -2104.445837
-1544.159957 -2092.710348
-1543.936611 -2080.896714
-1543.714018 -2069.164461
-1543.490214 -2057.425414
-1543.266464 -2045.757937
-1543.039298 -2034.008525
-1542.810535 -2022.261750
-1542.580651 -2010.439414
-1542.353904 -1998.690396
-1542.129989 -1987.008688
-1541.909025 -1975.401506
-1541.690919 -1963.847801
-1541.473959 -1952.275028
-1541.258836 -1940.769183
-1541.043319 -1929.259535
-1540.829397 -1917.825239
-1540.618028 -1906.462266
-1540.409449 -1895.173217
-1540.201791 -1883.880944
-1539.993059 -1872.510704
-1539.784636 -1861.154692
-1539.575396 -1849.726922
-1539.367904 -1838.297514
-1539.161813 -1826.868078
-1538.956909 -1815.509590
-1538.751725 -1804.234309
-1538.543949 -1792.963487
-1538.334649 -1781.694095
-1538.125109 -1770.419295
-1537.916323 -1759.151900
-1537.708182 -1747.879681
-1537.499227 -1736.533098
-1537.291028 -1725.198931
-1537.081636 -1713.794617
-1536.872576 -1702.390497
-1536.662582 -1690.907202
-1536.454165 -1679.498057
-1536.244074 -1668.009751
-1536.034205 -1656.524650
-1535.825039 -1645.042746
-1535.617119 -1633.581673
-1535.411182 -1622.121775
-1535.207759 -1610.662844
-1535.006509 -1599.201473
-1534.806886 -1587.737870
-1534.607981 -1576.276259
-1534.409177 -1564.817253
-1534.210332 -1553.359250
-1534.011856 -1541.902644
-1533.814335 -1530.440408
-1533.619451 -1519.049096
-1533.426057 -1507.662772
-1533.234046 -1496.280034
-1533.042702 -1484.829922
-1532.852685 -1473.306009
-1532.666805 -1461.858203
-1532.484318 -1450.485116
-1532.302611 -1439.106002
-1532.122180 -1427.804250
-1531.942712 -1416.508697
-1531.766315 -1405.285866
-1531.592837 -1394.137163
-1531.420134 -1382.972810
-1531.249601 -1371.882995
-1531.081225 -1360.872130
-1530.912145 -1349.785696
-1530.744069 -1338.707666
-1530.575172 -1327.564095
-1530.403803 -1316.338368
-1530.228934 -1305.033310
-1530.051143 -1293.747544
-1529.868127 -1282.395305
-1529.680223 -1270.974989
-1529.487955 -1259.486590
-1529.292576 -1247.918857
-1529.094652 -1236.270779
-1528.896071 -1224.698297
-1528.693302 -1213.120493
-1528.486305 -1201.545385
-1528.275196 -1189.895974
-1528.062854 -1178.242974
-1527.851824 -1166.658715
-1527.640068 -1155.141631
-1527.421395 -1143.684674
-1527.187802 -1132.223637
-1526.930381 -1120.750087
-1526.640778 -1109.345712
-1526.307308 -1097.930705
-1525.915985 -1086.584198
-1525.447029 -1075.231490
-1524.879055 -1063.864322
-1524.199341 -1052.585109
-1523.390388 -1041.323165
-1522.436331 -1030.087350
-1521.314782 -1018.960128
-1520.007947 -1007.953828
-1518.500276 -997.079658
-1516.781758 -986.369071
-1514.831633 -975.823061
-1512.630635 -965.375477
-1510.167527 -955.130565
-1507.433174 -945.104180
-1504.408308 -935.313016
-1501.006929 -925.754117
-1497.288081 -916.488111
-1493.168348 -907.443177
-1488.646589 -898.734503
-1483.721853 -890.396201
-1478.387343 -882.458208
-1472.704431 -874.951166
-1466.677543 -867.811244
-1460.239317 -861.046181
-1453.382221 -854.662234
-1446.118096 -848.647338
-1438.536104 -843.005751
-1430.646484 -837.736879
-1422.378852 -832.824391
-1413.823878 -828.256871
-1405.000172 -824.022321
-1395.930364 -820.118175
-1386.622132 -816.517065
-1377.088384 -813.195480
-1367.292997 -810.108031
-1357.339010 -807.246995
-1347.170705 -804.549831
-1336.811352 -801.974653
-1326.359577 -799.517589
-1315.838564 -797.151220
-1305.277677 -794.844341
-1294.640401 -792.506926
-1284.022132 -790.146111
-1273.399855 -787.666489
-1262.933449 -785.116626
-1252.542970 -782.355040
-1242.383139 -779.427762
-1232.444709 -776.205047
-1222.765985 -772.641524
-1213.405683 -768.766661
-1204.309069 -764.469773
-1195.512730 -759.816811
-1187.106014 -754.717540
-1179.134556 -749.243741
-1171.618933 -743.407140
-1164.506960 -737.210096
-1157.847962 -730.591727
-1151.763687 -723.574990
-1146.180121 -716.256639
-1141.166270 -708.591107
-1136.757572 -700.610289
-1132.989712 -692.355807
-1129.900913 -683.866692
-1127.565394 -675.211338
-1125.932702 -666.425065
-1125.017226 -657.625802
-1124.827003 -648.864169
-1125.277822 -640.153741
-1126.457470 -631.528250
-1128.353603 -623.048441
-1131.014713 -614.825565
-1134.284357 -606.859204
-1138.279629 -599.269314
-1142.850497 -592.031535
-1148.014138 -585.240001
-1153.697626 -578.853565
-1159.982483 -572.983362
-1166.830941 -567.628020
-1174.119475 -562.695453
-1181.839556 -558.263240
-1189.947475 -554.243652
-1198.492741 -550.714323
-1207.389129 -547.573310
-1216.612050 -544.789855
-1226.126148 -542.345658
-1235.879397 -540.283193
-1245.835421 -538.560029
-1255.990178 -537.058750
-1266.257981 -535.806383
-1276.587329 -534.750317
-1286.935762 -533.825653
-1297.299953 -532.924053
-1307.623910 -531.952599
-1317.794048 -530.902298
-1327.830737 -529.691771
-1337.689939 -528.283760
-1347.364545 -526.593325
-1356.752563 -524.588883
-1365.838561 -522.239856
-1374.613051 -519.502697
-1383.139213 -516.334602
-1391.335192 -512.688305
-1399.270792 -508.541520
-1406.939423 -503.879263
-1414.329950 -498.690245
-1421.352930 -493.028146
-1427.999212 -486.900986
-1434.329546 -480.336544
-1440.335249 -473.343451
-1446.007708 -465.934115
-1451.267806 -458.113736
-1456.159232 -449.910735
-1460.670690 -441.348842
-1464.788619 -432.362886
-1468.513224 -423.064073
-1471.830445 -413.481729
-1474.732242 -403.648654
-1477.221223 -393.585947
-1479.300493 -383.327100
-1480.975697 -372.920155
-1482.178771 -362.375528
-1482.929492 -351.750349
-1483.301517 -341.032298
-1483.317402 -330.233523
-1483.031543 -319.451886
-1482.397728 -308.668940
-1481.455847 -297.974923
-1480.178444 -287.305033
-1478.604077 -276.731326
-1476.683716 -266.211382
-1474.410522 -255.762544
-1471.826727 -245.461596
-1468.882967 -235.258025
-1465.637855 -225.222739
-1462.105596 -215.288113
-1458.288162 -205.461344
-1454.128129 -195.698366
-1449.688360 -186.060839
-1444.903891 -176.500037
-1439.779973 -167.030196
-1434.379628 -157.707264
-1428.702719 -148.535785
-1422.773346 -139.618170
-1416.587493 -130.874310
-1410.074160 -122.272727
-1403.313045 -113.860367
-1396.312721 -105.653800
-1389.008231 -97.631839
-1381.469983 -89.819502
-1373.742087 -82.302938
-1365.749283 -75.065603
-1357.583455 -68.134845
-1349.178907 -61.502620
-1340.511054 -55.098100
-1331.623328 -49.004567
-1322.495815 -43.159413
-1313.164583 -37.621842
-1303.601528 -32.329169
-1293.940229 -27.349361
-1284.122304 -22.668162
-1274.098220 -18.221784
-1263.943178 -14.064703
-1253.593016 -10.130497
-1243.780757 -5.140447
-1233.088609 -1.709968
-1222.892079 2.593934
-1211.945654 5.455229
-1201.430391 9.020516
-1190.131084 11.423284
-1179.148117 14.377396
-1167.591285 16.302528
-1156.214595 18.633804
-1144.402827 20.128933
-1132.610759 21.909463
-1120.542337 23.050612
-1108.519339 24.351914
-1096.440883 25.173840
-1084.460619 26.088259
-1072.393057 26.681807
-1060.130215 27.369909
-1047.914067 27.803526
-1035.681848 28.268725
-1023.510412 28.550971
-1011.372020 28.837710
-999.129863 29.017934
-986.892775 29.190464
-974.668568 29.293704
-962.466337 29.386275
-950.827017 29.449182
-939.993671 29.492771
-929.460569 29.491051
