1000.000000
1000.000000
1000.000000
1000.000000
1000.000000
1000.000000
1000.000000
908.635500
1000.000000
1000.000000
1000.000000
1000.000000
1000.000000
1000.000000
1000.000000
1000.000000
1000.000000
1000.000000
1000.000000
1000.000000
1000.000000
1000.000000
1000.000000
1000.000000
1000.000000
1000.000000
1000.000000
1000.000000
1000.000000
1000.000000
1000.000000
1000.000000
1000.000000
1000.000000
1000.000000
1000.000000
1000.000000
1000.000000
1000.000000
1000.000000
1000.000000
1000.000000
1000.000000
1000.000000
1000.000000
1000.000000
1000.000000
1000.000000
1000.000000
1000.000000
1000.000000
1000.000000
1000.000000
1000.000000
1000.000000
1000.000000
1000.000000
1000.000000
1000.000000
1000.000000
1000.000000
1000.000000
1000.000000
1000.000000
1000.000000
1000.000000
1000.000000
1000.000000
1000.000000
1000.000000
1000.000000
1000.000000
1000.000000
1000.000000
1000.000000
1000.000000
1000.000000
1000.000000
1000.000000
1000.000000
1000.000000
1000.000000
1000.000000
1000.000000
1000.000000
1000.000000
1000.000000
1000.000000
1000.000000
1000.000000
1000.000000
1000.000000
1000.000000
1000.000000
1000.000000
1000.000000
1000.000000
1000.000000
1000.000000
1000.000000
1000.000000
1000.000000
1000.000000
1000.000000
1000.000000
1000.000000
1000.000000
1000.000000
1000.000000
1000.000000
1000.000000
1000.000000
1000.000000
1000.000000
1000.000000
1000.000000
1000.000000
1000.000000
1000.000000
1000.000000
1000.000000
1000.000000
1000.000000
1000.000000
1000.000000
1000.000000
1000.000000
1000.000000
1000.000000
1000.000000
1000.000000
1000.000000
1000.000000
1000.000000
1000.000000
1000.000000
1000.000000
1000.000000
1000.000000
1000.000000
1000.000000
1000.000000
1000.000000
1000.000000
1000.000000
1000.000000
1000.000000
1000.000000
1000.000000
1000.000000
1000.000000
1000.000000
1000.000000
1000.000000
1000.000000
1000.000000
1000.000000
1000.000000
1000.000000
1000.000000
1000.000000
1000.000000
1000.000000
1000.000000
1000.000000
1000.000000
1000.000000
1000.000000
1000.000000
1000.000000
1000.000000
1000.000000
1000.000000
1000.000000
1000.000000
1000.000000
1000.000000
1000.000000
1000.000000
1000.000000
1000.000000
1000.000000
1000.000000
1000.000000
1000.000000
1000.000000
1000.000000
1000.000000
1000.000000
1000.000000
1000.000000
1000.000000
1000.000000
1000.000000
1000.000000
1000.000000
1000.000000
1000.000000
1000.000000
1000.000000
1000.000000
1000.000000
1000.000000
1000.000000
1000.000000
1000.000000
1000.000000
1000.000000
1000.000000
1000.000000
1000.000000
1000.000000
1000.000000
1000.000000
1000.000000
1000.000000
1000.000000
1000.000000
1000.000000
1000.000000
1000.000000
1000.000000
1000.000000
1000.000000
1000.000000
1000.000000
1000.000000
1000.000000
1000.000000
1000.000000
1000.000000
1000.000000
1000.000000
1000.000000
1000.000000
1000.000000
1000.000000
1000.000000
1000.000000
1000.000000
1000.000000
1000.000000
1000.000000
1000.000000
1000.000000
1000.000000
1000.000000
1000.000000
1000.000000
1000.000000
1000.000000
1000.000000
1000.000000
1000.000000
1000.000000
1000.000000
1000.000000
1000.000000
822.415798
690.447190
622.826374
621.888269
589.280963
657.322909
716.985599
745.265720
683.798030
808.609489
752.753240
913.873678
1000.000000
1000.000000
1000.000000
1000.000000
1000.000000
1000.000000
1000.000000
1000.000000
1000.000000
1000.000000
1000.000000
1000.000000
1000.000000
968.978112
739.186206
553.993540
425.764168
340.518305
275.157011
216.880210
191.354218
173.282528
174.525702
159.379553
134.365225
120.043782
131.280444
121.795320
104.039789
98.146665
103.824043
99.218188
94.452693
85.176471
93.366945
94.813817
98.545249
94.916329
110.020626
111.988632
115.623447
135.675670
146.488805
161.663259
170.357183
184.406262
210.983547
234.826581
244.693544
274.714990
318.386244
392.451152
453.575738
471.683435
559.627712
656.373624
718.071922
788.619812
910.214951
1000.000000
1000.000000
1000.000000
1000.000000
1000.000000
1000.000000
1000.000000
1000.000000
1000.000000
1000.000000
1000.000000
1000.000000
1000.000000
1000.000000
1000.000000
1000.000000
1000.000000
1000.000000
1000.000000
1000.000000
1000.000000
1000.000000
1000.000000
1000.000000
1000.000000
1000.000000
1000.000000
1000.000000
1000.000000
1000.000000
1000.000000
1000.000000
1000.000000
1000.000000
1000.000000
1000.000000
1000.000000
1000.000000
1000.000000
1000.000000
1000.000000
1000.000000
1000.000000
1000.000000
1000.000000
1000.000000
1000.000000
1000.000000
1000.000000
1000.000000
1000.000000
1000.000000
1000.000000
1000.000000
1000.000000
1000.000000
1000.000000
1000.000000
1000.000000
1000.000000
1000.000000
1000.000000
1000.000000
1000.000000
1000.000000
1000.000000
1000.000000
1000.000000
1000.000000
1000.000000
1000.000000
1000.000000
1000.000000
1000.000000
1000.000000
1000.000000
1000.000000
1000.000000
1000.000000
1000.000000
1000.000000
1000.000000
1000.000000
1000.000000
1000.000000
1000.000000
930.396369
800.309799
809.097593
670.701167
798.238079
797.723501
757.414079
767.270788
873.961852
933.937267
1000.000000
1000.000000
1000.000000
1000.000000
1000.000000
1000.000000
1000.000000
1000.000000
1000.000000
1000.000000
1000.000000
1000.000000
1000.000000
1000.000000
1000.000000
1000.000000
1000.000000
965.094688
730.614175
756.273153
787.285986
887.847973
727.600960
839.766561
851.562944
882.747031
784.573742
893.899933
959.321905
1000.000000
1000.000000
1000.000000
1000.000000
1000.000000
1000.000000
1000.000000
1000.000000
1000.000000
1000.000000
955.163583
950.770464
1000.000000
892.017360
1000.000000
1000.000000
1000.000000
1000.000000
1000.000000
1000.000000
1000.000000
1000.000000
1000.000000
1000.000000
1000.000000
1000.000000
1000.000000
1000.000000
1000.000000
1000.000000
1000.000000
1000.000000
1000.000000
1000.000000
1000.000000
1000.000000
1000.000000
1000.000000
1000.000000
1000.000000
1000.000000
1000.000000
1000.000000
1000.000000
1000.000000
1000.000000
1000.000000
1000.000000
1000.000000
1000.000000
1000.000000
1000.000000
1000.000000
1000.000000
1000.000000
1000.000000
1000.000000
1000.000000
1000.000000
1000.000000
1000.000000
1000.000000
1000.000000
1000.000000
1000.000000
1000.000000
1000.000000
1000.000000
1000.000000
1000.000000
1000.000000
1000.000000
1000.000000
1000.000000
1000.000000
1000.000000
1000.000000
1000.000000
1000.000000
1000.000000
1000.000000
1000.000000
1000.000000
1000.000000
1000.000000
1000.000000
1000.000000
1000.000000
1000.000000
1000.000000
1000.000000
1000.000000
1000.000000
1000.000000
1000.000000
1000.000000
1000.000000
1000.000000
1000.000000
1000.000000
1000.000000
1000.000000
1000.000000
1000.000000
1000.000000
1000.000000
1000.000000
1000.000000
1000.000000
1000.000000
1000.000000
1000.000000
1000.000000
1000.000000
1000.000000
1000.000000
1000.000000
1000.000000
1000.000000
1000.000000
1000.000000
1000.000000
1000.000000
1000.000000
1000.000000
1000.000000
1000.000000
1000.000000
1000.000000
1000.000000
1000.000000
1000.000000
1000.000000
1000.000000
1000.000000
1000.000000
1000.000000
1000.000000
1000.000000
1000.000000
1000.000000
1000.000000
1000.000000
1000.000000
1000.000000
1000.000000
1000.000000
1000.000000
1000.000000
1000.000000
1000.000000
1000.000000
1000.000000
1000.000000
1000.000000
1000.000000
1000.000000
1000.000000
1000.000000
1000.000000
1000.000000
1000.000000
1000.000000
1000.000000
1000.000000
1000.000000
1000.000000
1000.000000
1000.000000
1000.000000
1000.000000
1000.000000
1000.000000
1000.000000
959.228100
896.192632
745.829209
735.687631
717.915484
858.692658
819.505462
953.420000
1000.000000
1000.000000
1000.000000
1000.000000
1000.000000
1000.000000
1000.000000
1000.000000
1000.000000
1000.000000
1000.000000
1000.000000
1000.000000
1000.000000
1000.000000
1000.000000
1000.000000
1000.000000
1000.000000
1000.000000
1000.000000
879.940281
835.488928
744.690774
739.058886
726.344834
951.833761
1000.000000
1000.000000
1000.000000
1000.000000
1000.000000
1000.000000
1000.000000
1000.000000
1000.000000
1000.000000
1000.000000
1000.000000
1000.000000
1000.000000
1000.000000
1000.000000
1000.000000
1000.000000
1000.000000
1000.000000
1000.000000
1000.000000
1000.000000
1000.000000
1000.000000
1000.000000
1000.000000
1000.000000
1000.000000
1000.000000
1000.000000
1000.000000
1000.000000
1000.000000
1000.000000
1000.000000
1000.000000
1000.000000
1000.000000
1000.000000
1000.000000
1000.000000
1000.000000
1000.000000
1000.000000
1000.000000
1000.000000
1000.000000
1000.000000
1000.000000
1000.000000
1000.000000
1000.000000
1000.000000
1000.000000
1000.000000
1000.000000
1000.000000
1000.000000
1000.000000
1000.000000
1000.000000
1000.000000
1000.000000
1000.000000
1000.000000
1000.000000
1000.000000
1000.000000
1000.000000
1000.000000
1000.000000
1000.000000
1000.000000
1000.000000
1000.000000
1000.000000
1000.000000
1000.000000
1000.000000
1000.000000
1000.000000
1000.000000
1000.000000
1000.000000
1000.000000
1000.000000
1000.000000
1000.000000
1000.000000
1000.000000
1000.000000
1000.000000
1000.000000
1000.000000
1000.000000
1000.000000
1000.000000
1000.000000
1000.000000
1000.000000
1000.000000
1000.000000
1000.000000
1000.000000
1000.000000
1000.000000
1000.000000
1000.000000
1000.000000
1000.000000
1000.000000
1000.000000
1000.000000
1000.000000
1000.000000
1000.000000
1000.000000
1000.000000
1000.000000
1000.000000
1000.000000
1000.000000
1000.000000
1000.000000
1000.000000
1000.000000
1000.000000
1000.000000
1000.000000
1000.000000
1000.000000
1000.000000
1000.000000
1000.000000
1000.000000
1000.000000
1000.000000
1000.000000
1000.000000
1000.000000
1000.000000
1000.000000
1000.000000
1000.000000
1000.000000
1000.000000
1000.000000
1000.000000
1000.000000
1000.000000
1000.000000
1000.000000
1000.000000
1000.000000
1000.000000
1000.000000
1000.000000
1000.000000
1000.000000
1000.000000
1000.000000
1000.000000
1000.000000
1000.000000
1000.000000
1000.000000
1000.000000
1000.000000
1000.000000
1000.000000
1000.000000
1000.000000
1000.000000
1000.000000
1000.000000
1000.000000
1000.000000
1000.000000
1000.000000
1000.000000
1000.000000
1000.000000
1000.000000
1000.000000
1000.000000
1000.000000
1000.000000
1000.000000
1000.000000
1000.000000
1000.000000
1000.000000
1000.000000
1000.000000
1000.000000
1000.000000
1000.000000
1000.000000
1000.000000
1000.000000
1000.000000
1000.000000
1000.000000
1000.000000
1000.000000
1000.000000
1000.000000
1000.000000
1000.000000
1000.000000
1000.000000
1000.000000
1000.000000
1000.000000
1000.000000
1000.000000
1000.000000
1000.000000
1000.000000
1000.000000
1000.000000
1000.000000
1000.000000
1000.000000
1000.000000
1000.000000
1000.000000
1000.000000
1000.000000
1000.000000
1000.000000
1000.000000
1000.000000
1000.000000
1000.000000
1000.000000
1000.000000
1000.000000
1000.000000
1000.000000
1000.000000
1000.000000
1000.000000
1000.000000
1000.000000
1000.000000
1000.000000
1000.000000
1000.000000
1000.000000
1000.000000
1000.000000
1000.000000
1000.000000
1000.000000
1000.000000
1000.000000
1000.000000
1000.000000
1000.000000
1000.000000
1000.000000
1000.000000
914.768437
738.777828
635.992928
553.260593
543.433688
510.335058
391.867668
415.133523
393.830106
432.138890
397.755678
377.740347
452.474789
551.083042
591.336072
622.641426
701.123149
770.393416
878.656824
1000.000000
1000.000000
1000.000000
1000.000000
1000.000000
1000.000000
1000.000000
1000.000000
1000.000000
1000.000000
1000.000000
851.730788
738.409596
785.882127
609.467519
618.428204
535.702576
653.716243
603.437406
676.847520
696.534810
602.957665
648.850359
855.592047
965.007235
893.830632
984.680736
1000.000000
1000.000000
1000.000000
1000.000000
1000.000000
1000.000000
1000.000000
1000.000000
1000.000000
1000.000000
972.791227
839.442739
856.595581
652.038230
686.482128
731.166400
647.543052
699.189153
685.171333
953.392920
882.155740
1000.000000
1000.000000
1000.000000
1000.000000
1000.000000
1000.000000
1000.000000
1000.000000
1000.000000
1000.000000
1000.000000
1000.000000
1000.000000
1000.000000
1000.000000
1000.000000
1000.000000
870.517126
964.699462
951.344834
1000.000000
1000.000000
1000.000000
1000.000000
1000.000000
1000.000000
1000.000000
1000.000000
1000.000000
1000.000000
1000.000000
1000.000000
1000.000000
1000.000000
891.596399
813.866732
746.438113
704.865273
662.636204
587.892392
604.866182
710.509857
693.363301
663.205704
665.177765
781.790382
715.602205
1000.000000
1000.000000
1000.000000
1000.000000
1000.000000
1000.000000
1000.000000
1000.000000
1000.000000
1000.000000
836.572155
885.115601
655.835292
669.302054
641.470240
642.675025
664.415028
674.613947
681.252779
692.414141
663.941273
751.385320
859.334165
1000.000000
947.422405
1000.000000
1000.000000
1000.000000
1000.000000
1000.000000
1000.000000
1000.000000
1000.000000
1000.000000
1000.000000
961.686780
793.576351
696.542160
577.927051
580.800461
623.837587
562.229169
613.251816
636.202856
658.410217
688.022312
727.847582
765.505506
793.740203
726.747616
926.595396
1000.000000
1000.000000
1000.000000
1000.000000
1000.000000
1000.000000
1000.000000
1000.000000
1000.000000
1000.000000
1000.000000
1000.000000
1000.000000
1000.000000
1000.000000
1000.000000
1000.000000
1000.000000
1000.000000
1000.000000
1000.000000
1000.000000
1000.000000
1000.000000
1000.000000
1000.000000
1000.000000
1000.000000
1000.000000
1000.000000
1000.000000
1000.000000
1000.000000
1000.000000
1000.000000
1000.000000
1000.000000
1000.000000
1000.000000
1000.000000
1000.000000
1000.000000
1000.000000
1000.000000
1000.000000
1000.000000
1000.000000
1000.000000
1000.000000
1000.000000
1000.000000
1000.000000
1000.000000
1000.000000
1000.000000
1000.000000
1000.000000
1000.000000
1000.000000
1000.000000
1000.000000
1000.000000
1000.000000
1000.000000
1000.000000
1000.000000
1000.000000
1000.000000
1000.000000
1000.000000
1000.000000
1000.000000
1000.000000
1000.000000
992.973108
971.700093
919.479704
936.450080
813.265251
805.716546
748.203768
651.650029
646.538330
634.924882
607.210781
534.998603
579.288667
513.124430
582.948782
483.994318
509.122370
508.862364
524.723744
507.982307
586.208662
524.858810
488.184196
445.718982
470.006528
456.152268
504.862585
507.589954
506.028654
458.555928
500.175466
512.155745
474.071859
510.673087
518.466674
507.913374
452.855969
471.313207
443.761932
517.457852
458.866194
485.159869
423.620421
477.514128
419.437549
408.811384
405.430414
430.414104
428.702896
426.393435
429.250943
362.493671
338.719831
402.920773
356.190509
382.482406
376.024744
362.420269
365.582223
359.727779
355.259054
318.608464
332.995014
307.125682
330.974431
324.176296
318.055516
308.777562
304.850955
284.565497
266.360937
268.447609
280.813859
276.861577
252.669648
266.296333
248.795848
237.637451
219.636382
211.467509
171.574947
162.917125
156.799854
163.719377
142.082218
125.857313
119.577348
121.450280
111.851709
95.873707
90.168720
78.967296
67.511219
67.604063
60.290836
59.382247
56.248714
46.835136
44.762630
49.200316
49.684721
52.417256
57.524351
59.907242
71.463330
87.372961
108.062865
125.419885
153.084553
163.174584
204.386616
227.539396
351.779427
399.305417
491.484178
877.709932
1000.000000
1000.000000
867.810071
350.427755
331.145233
200.204151
191.062558
145.660682
121.380071
104.462291
79.709101
62.824194
57.684903
51.707715
46.873485
40.588781
43.474224
36.995959
42.830814
51.771551
58.852456
67.971833
79.463901
109.046697
132.714671
173.292237
217.858002
290.414338
406.383841
569.453794
1000.000000
1000.000000
1000.000000
1000.000000
678.615906
293.259056
258.606511
162.442775
135.306333
112.283369
80.939745
58.032488
51.077596
50.548738
42.781505
45.299510
41.026761
45.841072
54.697102
65.354960
74.309965
82.535670
114.112209
129.429797
170.550338
226.488069
285.224542
330.902119
554.014602
526.669993
1000.000000
1000.000000
867.668261
596.225604
278.247816
236.422528
178.364088
138.600392
121.839222
94.983363
75.195583
63.799057
55.694911
54.225058
49.281403
47.209134
46.965358
49.903942
53.728425
62.808826
71.109942
84.537079
102.725262
115.627324
136.354063
155.603853
179.103976
200.112316
230.490810
260.562836
245.792347
310.557254
399.992658
371.610880
512.371901
623.992649
731.180230
908.258665
1000.000000
1000.000000
1000.000000
1000.000000
742.149003
569.909313
470.367145
334.148265
367.916684
320.165804
282.677900
250.524122
227.157714
210.751527
198.775816
187.871776
180.364160
172.736865
168.600921
165.625857
162.827261
165.135146
154.486734
178.261242
186.617637
202.320080
214.391363
230.397436
243.320738
264.439232
279.658883
307.043753
352.535892
403.978195
470.731226
566.572192
603.597793
802.821743
826.838158
880.822427
944.185901
1000.000000
1000.000000
1000.000000
1000.000000
1000.000000
1000.000000
1000.000000
1000.000000
1000.000000
1000.000000
1000.000000
1000.000000
1000.000000
1000.000000
1000.000000
1000.000000
1000.000000
1000.000000
1000.000000
1000.000000
1000.000000
1000.000000
1000.000000
1000.000000
1000.000000
1000.000000
1000.000000
1000.000000
1000.000000
1000.000000
1000.000000
1000.000000
1000.000000
1000.000000
1000.000000
1000.000000
1000.000000
1000.000000
1000.000000
1000.000000
1000.000000
1000.000000
1000.000000
1000.000000
1000.000000
1000.000000
1000.000000
1000.000000
1000.000000
1000.000000
1000.000000
1000.000000
1000.000000
1000.000000
1000.000000
1000.000000
1000.000000
1000.000000
1000.000000
1000.000000
969.534486
870.748816
689.768599
708.310387
629.139197
572.378966
528.060862
460.334080
415.690224
370.075607
377.873186
343.301329
297.495247
246.401889
260.833368
244.266001
214.739726
207.663571
224.356428
175.289466
210.833699
209.465568
207.597240
204.509779
203.122127
204.667334
206.616402
212.891085
218.635020
220.453653
226.244423
207.764736
240.216277
253.483445
265.338991
272.398433
280.367426
269.398120
284.395438
349.671307
374.325226
400.478047
362.028493
430.834306
451.170013
460.963712
470.916141
669.223261
636.707997
831.680024
912.740902
937.015747
1000.000000
1000.000000
1000.000000
1000.000000
1000.000000
1000.000000
1000.000000
1000.000000
1000.000000
1000.000000
1000.000000
1000.000000
1000.000000
1000.000000
1000.000000
1000.000000
1000.000000
1000.000000
1000.000000
1000.000000
1000.000000
1000.000000
1000.000000
1000.000000
1000.000000
1000.000000
1000.000000
1000.000000
1000.000000
1000.000000
1000.000000
1000.000000
1000.000000
1000.000000
1000.000000
1000.000000
1000.000000
1000.000000
1000.000000
1000.000000
1000.000000
1000.000000
1000.000000
1000.000000
1000.000000
1000.000000
1000.000000
1000.000000
1000.000000
1000.000000
1000.000000
1000.000000
1000.000000
1000.000000
1000.000000
1000.000000
1000.000000
1000.000000
1000.000000
1000.000000
1000.000000
1000.000000
1000.000000
1000.000000
1000.000000
1000.000000
1000.000000
1000.000000
1000.000000
1000.000000
1000.000000
1000.000000
1000.000000
1000.000000
1000.000000
1000.000000
1000.000000
1000.000000
1000.000000
1000.000000
1000.000000
1000.000000
1000.000000
1000.000000
1000.000000
1000.000000
1000.000000
1000.000000
1000.000000
1000.000000
1000.000000
1000.000000
1000.000000
1000.000000
1000.000000
1000.000000
1000.000000
1000.000000
1000.000000
1000.000000
1000.000000
1000.000000
1000.000000
1000.000000
1000.000000
1000.000000
1000.000000
1000.000000
1000.000000
1000.000000
1000.000000
1000.000000
1000.000000
1000.000000
1000.000000
1000.000000
1000.000000
1000.000000
1000.000000
1000.000000
1000.000000
1000.000000
1000.000000
1000.000000
1000.000000
1000.000000
1000.000000
1000.000000
1000.000000
1000.000000
1000.000000
1000.000000
1000.000000
1000.000000
1000.000000
1000.000000
1000.000000
1000.000000
1000.000000
1000.000000
1000.000000
1000.000000
1000.000000
1000.000000
1000.000000
1000.000000
1000.000000
1000.000000
1000.000000
1000.000000
1000.000000
1000.000000
1000.000000
1000.000000
1000.000000
1000.000000
1000.000000
1000.000000
1000.000000
1000.000000
1000.000000
1000.000000
1000.000000
1000.000000
1000.000000
1000.000000
1000.000000
1000.000000
1000.000000
1000.000000
1000.000000
1000.000000
1000.000000
1000.000000
1000.000000
1000.000000
1000.000000
1000.000000
1000.000000
1000.000000
1000.000000
1000.000000
1000.000000
1000.000000
1000.000000
1000.000000
1000.000000
1000.000000
1000.000000
1000.000000
1000.000000
1000.000000
1000.000000
1000.000000
1000.000000
1000.000000
1000.000000
1000.000000
1000.000000
1000.000000
1000.000000
1000.000000
1000.000000
1000.000000
1000.000000
1000.000000
1000.000000
1000.000000
1000.000000
1000.000000
1000.000000
1000.000000
1000.000000
1000.000000
1000.000000
1000.000000
1000.000000
1000.000000
1000.000000
1000.000000
1000.000000
1000.000000
1000.000000
1000.000000
1000.000000
1000.000000
1000.000000
1000.000000
1000.000000
1000.000000
951.678385
767.318904
565.052890
549.540947
477.912099
430.921620
339.715468
300.962832
227.355156
229.397135
191.695539
184.977311
155.212509
120.975817
120.208395
108.131119
91.468888
83.847465
74.254348
62.496758
55.815562
50.815932
43.600388
40.685712
37.327556
42.788960
43.174286
47.019732
49.707027
52.578333
52.645053
52.891093
58.513326
66.143941
72.909757
74.063677
81.233626
77.585305
86.587139
90.250797
100.545608
100.411617
100.175600
117.953797
115.189996
120.798854
133.038904
148.143517
150.560868
157.796827
170.758761
167.706423
187.559267
209.670166
239.131152
253.294576
307.358012
380.397043
497.341417
660.789390
1000.000000
1000.000000
1000.000000
1000.000000
856.676897
579.033429
439.491733
351.025978
288.180299
248.490681
210.551011
182.455816
167.305383
144.165898
128.088481
111.738058
100.463412
87.335837
83.198510
72.989077
66.639904
64.062164
69.697464
65.482804
64.459575
66.697768
74.454272
82.728063
89.758585
99.250648
110.156183
122.016636
133.326299
148.175689
160.939455
182.351349
209.491113
239.075908
307.943108
404.171020
515.698757
752.974697
1000.000000
1000.000000
997.382614
671.461382
400.634322
333.595708
311.293490
269.665020
209.951252
208.560238
158.520880
137.908399
118.909831
104.874623
95.898485
80.127505
74.252409
66.449659
58.129974
55.337884
52.352340
52.933260
52.681812
56.630824
56.625215
69.184866
74.118518
85.006738
95.256615
99.381610
117.741933
127.131025
148.311574
149.901972
181.694264
223.821078
267.638755
290.189465
435.804317
544.617793
878.980934
1000.000000
1000.000000
1000.000000
689.108756
545.191134
400.555307
337.462522
293.830679
239.877086
205.753503
168.284059
148.610515
135.837183
119.727527
104.985709
92.402051
81.359660
73.157343
63.661302
57.809317
52.867714
48.723995
51.391510
54.249615
54.517610
65.350990
71.333642
79.209074
96.623289
99.448111
110.886003
124.669725
135.516286
159.942106
168.116361
188.462691
216.780969
244.978183
286.667193
331.863030
399.102658
493.917185
609.759160
900.222131
1000.000000
1000.000000
1000.000000
1000.000000
1000.000000
1000.000000
1000.000000
1000.000000
895.654520
810.050722
721.939952
613.024613
543.190671
514.692986
480.518256
437.171783
429.726505
392.181878
369.778281
351.200371
341.580088
311.052488
325.334636
312.119232
302.970589
299.827128
292.965989
283.417747
288.516105
279.064396
254.943612
264.110841
252.378728
241.955362
228.142560
215.059908
207.862744
190.154907
162.040257
167.467657
157.021151
147.011157
131.732513
114.078549
106.337636
103.480919
95.628285
80.728446
74.572037
63.946276
55.056373
51.240842
48.160595
44.661846
41.663823
38.876148
41.964253
48.677353
52.258216
58.142275
74.495194
86.277402
105.984625
130.953550
166.914277
211.481331
252.498234
257.561322
376.391407
466.024133
687.391725
810.166292
1000.000000
1000.000000
1000.000000
1000.000000
1000.000000
646.887947
411.428714
329.041213
282.574638
286.749867
293.440701
298.541934
289.026204
316.270575
347.761356
341.482401
346.082299
358.189478
352.263353
372.048544
412.341809
433.614031
460.993267
559.021773
593.399949
631.607475
644.949969
620.431213
726.084314
766.739179
737.995831
673.305726
628.251857
621.173157
624.122600
613.065221
601.598270
584.941076
570.916355
558.347912
547.946293
536.057666
525.663944
523.938585
520.605490
520.256501
515.965763
509.102401
495.428867
497.975258
497.931731
495.679440
496.438946
493.255472
492.453451
482.120105
482.969378
476.942073
477.113089
480.886952
480.258236
484.007093
488.060113
486.401813
492.160751
491.788662
495.883656
499.778737
493.098859
494.293233
488.655156
488.211232
485.262794
476.532518
469.285631
463.908401
460.153090
452.755020
462.532367
468.509594
476.579550
476.953915
486.283959
452.771874
501.063314
493.934277
480.961472
480.981240
486.594663
438.340589
452.797014
500.492051
493.650636
500.077462
499.739114
512.414954
531.016972
534.006312
549.180928
562.178929
571.486877
589.762128
630.282300
637.213066
743.098079
771.734707
794.343136
791.829329
886.642361
944.257756
980.313906
1000.000000
902.303138
1000.000000
1000.000000
1000.000000
1000.000000
1000.000000
1000.000000
1000.000000
1000.000000
1000.000000
1000.000000
1000.000000
1000.000000
1000.000000
1000.000000
1000.000000
1000.000000
1000.000000
1000.000000
1000.000000
1000.000000
1000.000000
1000.000000
1000.000000
1000.000000
1000.000000
1000.000000
1000.000000
1000.000000
1000.000000
1000.000000
1000.000000
1000.000000
1000.000000
1000.000000
1000.000000
1000.000000
1000.000000
1000.000000
1000.000000
1000.000000
1000.000000
1000.000000
1000.000000
1000.000000
1000.000000
1000.000000
1000.000000
1000.000000
1000.000000
1000.000000
1000.000000
1000.000000
1000.000000
1000.000000
1000.000000
1000.000000
907.091556
815.411271
701.707195
640.065848
522.488467
502.550517
441.416510
399.403180
373.714385
346.701388
281.557629
238.208752
272.737406
248.821347
213.366409
212.001818
182.096916
167.479335
150.921630
143.831620
133.008894
110.321761
128.817788
105.569992
107.630262
113.349154
99.504837
95.907003
99.436816
96.619329
103.801336
101.306745
103.763048
97.570505
104.051455
107.011279
111.955824
115.961006
120.801365
114.116510
116.261925
140.477894
146.802222
156.389820
166.170378
179.043309
193.080009
181.326901
223.101478
240.334135
224.862384
277.856717
268.145629
286.556531
358.438979
348.443134
398.506485
537.275537
586.176088
668.844585
732.300692
803.045542
857.140739
931.292426
1000.000000
1000.000000
1000.000000
1000.000000
1000.000000
1000.000000
1000.000000
1000.000000
1000.000000
1000.000000
1000.000000
1000.000000
1000.000000
1000.000000
1000.000000
1000.000000
1000.000000
1000.000000
1000.000000
1000.000000
1000.000000
1000.000000
1000.000000
1000.000000
1000.000000
1000.000000
1000.000000
1000.000000
1000.000000
1000.000000
1000.000000
1000.000000
1000.000000
1000.000000
1000.000000
1000.000000
1000.000000
1000.000000
1000.000000
1000.000000
1000.000000
1000.000000
1000.000000
1000.000000
1000.000000
1000.000000
1000.000000
1000.000000
1000.000000
1000.000000
1000.000000
1000.000000
1000.000000
1000.000000
1000.000000
1000.000000
1000.000000
1000.000000
1000.000000
1000.000000
1000.000000
1000.000000
1000.000000
1000.000000
1000.000000
1000.000000
1000.000000
1000.000000
1000.000000
1000.000000
1000.000000
1000.000000
1000.000000
1000.000000
1000.000000
1000.000000
1000.000000
1000.000000
1000.000000
1000.000000
1000.000000
1000.000000
1000.000000
1000.000000
1000.000000
1000.000000
1000.000000
1000.000000
1000.000000
1000.000000
1000.000000
1000.000000
1000.000000
1000.000000
1000.000000
1000.000000
1000.000000
1000.000000
1000.000000
1000.000000
1000.000000
1000.000000
1000.000000
1000.000000
1000.000000
1000.000000
1000.000000
1000.000000
1000.000000
1000.000000
1000.000000
1000.000000
1000.000000
1000.000000
1000.000000
1000.000000
1000.000000
1000.000000
1000.000000
1000.000000
1000.000000
1000.000000
1000.000000
1000.000000
1000.000000
1000.000000
1000.000000
1000.000000
1000.000000
1000.000000
1000.000000
1000.000000
1000.000000
1000.000000
1000.000000
864.407822
649.193655
700.932447
644.641102
561.770592
646.048495
672.129102
577.241399
663.893921
698.427843
847.990899
814.988942
917.436476
1000.000000
1000.000000
1000.000000
1000.000000
1000.000000
1000.000000
1000.000000
1000.000000
1000.000000
1000.000000
1000.000000
1000.000000
1000.000000
1000.000000
1000.000000
1000.000000
988.287906
692.916933
774.453631
670.329145
618.338604
692.245558
677.064327
628.321022
798.807972
693.260265
872.067070
1000.000000
1000.000000
1000.000000
1000.000000
1000.000000
1000.000000
1000.000000
1000.000000
1000.000000
1000.000000
1000.000000
949.068067
583.241488
1000.000000
717.225154
1000.000000
871.549036
1000.000000
1000.000000
1000.000000
1000.000000
1000.000000
1000.000000
1000.000000
1000.000000
1000.000000
1000.000000
1000.000000
1000.000000
1000.000000
1000.000000
1000.000000
1000.000000
1000.000000
1000.000000
1000.000000
1000.000000
1000.000000
1000.000000
